4,0,1,0,0,0,0,1,0,81,0
17,0,0,1,0,0,0,1,0,20,0
0,0,1,0,0,0,0,0,1,132,1
19,1,0,0,0,0,1,0,0,158,0
9,0,0,1,0,0,0,1,0,100,1
4,0,0,0,1,0,0,1,0,163,1
6,1,0,0,0,0,0,0,1,48,0
21,0,0,1,0,0,0,0,1,164,1
9,0,1,0,0,0,0,1,0,102,0
2,0,1,0,0,1,0,0,0,121,0
11,0,1,0,0,0,0,1,0,186,1
14,0,0,1,0,0,1,0,0,74,1
19,0,0,0,1,0,0,0,1,60,1
10,1,0,0,0,1,0,0,0,109,1
14,0,1,0,0,0,1,0,0,157,1
1,0,0,1,0,0,1,0,0,87,0
22,1,0,0,0,0,1,0,0,190,0
18,0,0,1,0,0,1,0,0,92,1
11,1,0,0,0,0,0,0,1,145,1
3,0,0,0,1,1,0,0,0,138,0
18,0,0,1,0,0,0,1,0,24,1
1,0,1,0,0,0,0,0,1,58,1
16,0,0,0,1,0,0,1,0,116,0
2,0,0,0,1,1,0,0,0,106,0
12,0,0,0,1,0,1,0,0,140,0
19,0,1,0,0,1,0,0,0,106,0
0,0,0,0,1,0,0,1,0,38,0
6,0,0,1,0,1,0,0,0,67,0
2,1,0,0,0,0,0,0,1,157,0
20,0,0,1,0,1,0,0,0,23,0
4,0,0,0,1,0,0,0,1,51,0
17,1,0,0,0,1,0,0,0,19,1
15,0,0,1,0,0,0,0,1,77,1
14,1,0,0,0,0,1,0,0,145,0
13,0,0,0,1,1,0,0,0,129,1
1,0,0,1,0,0,0,0,1,119,0
20,0,1,0,0,0,0,1,0,155,0
22,0,1,0,0,1,0,0,0,169,0
11,1,0,0,0,1,0,0,0,75,1
1,0,0,0,1,0,1,0,0,158,0
8,0,1,0,0,1,0,0,0,188,1
22,0,0,1,0,0,0,0,1,126,1
6,0,0,1,0,0,0,0,1,142,0
21,0,0,1,0,1,0,0,0,59,1
22,0,0,1,0,0,0,1,0,106,0
18,0,0,1,0,0,0,1,0,7,1
12,0,0,1,0,0,0,0,1,85,1
6,0,0,0,1,0,1,0,0,2,1
16,0,0,1,0,0,0,0,1,8,1
23,1,0,0,0,0,0,0,1,127,1
6,0,0,0,1,1,0,0,0,113,1
11,0,0,1,0,0,0,1,0,91,0
5,0,0,0,1,0,0,0,1,69,1
3,0,0,1,0,1,0,0,0,2,0
2,1,0,0,0,0,1,0,0,144,1
15,0,1,0,0,0,1,0,0,32,1
8,0,1,0,0,0,0,0,1,190,1
16,0,0,0,1,0,0,0,1,183,1
17,0,1,0,0,1,0,0,0,0,1
8,1,0,0,0,0,0,0,1,181,0
16,0,1,0,0,0,0,1,0,39,1
2,1,0,0,0,1,0,0,0,65,1
3,0,0,1,0,1,0,0,0,37,1
8,0,0,1,0,0,0,1,0,5,1
0,0,0,0,1,0,1,0,0,157,1
21,0,0,0,1,0,0,1,0,38,1
14,0,0,1,0,0,0,0,1,137,0
9,0,0,1,0,0,0,1,0,96,1
6,0,0,0,1,0,0,0,1,139,0
12,0,1,0,0,1,0,0,0,37,1
11,0,1,0,0,0,1,0,0,141,1
18,1,0,0,0,0,0,0,1,34,0
1,0,0,0,1,0,0,1,0,183,1
19,0,0,1,0,0,0,0,1,12,0
15,0,0,0,1,0,0,1,0,110,1
22,0,0,1,0,0,1,0,0,161,0
9,1,0,0,0,0,0,1,0,14,1
11,1,0,0,0,0,0,1,0,168,1
13,0,1,0,0,0,0,1,0,160,1
3,0,1,0,0,0,0,0,1,117,0
7,0,0,0,1,1,0,0,0,63,1
2,1,0,0,0,0,0,1,0,48,1
1,0,1,0,0,0,0,0,1,169,1
17,0,1,0,0,0,1,0,0,53,1
18,0,1,0,0,0,0,1,0,64,1
3,1,0,0,0,0,0,1,0,10,0
0,0,0,1,0,0,1,0,0,194,1
13,0,0,0,1,0,1,0,0,118,1
18,0,1,0,0,0,0,0,1,165,1
2,0,0,1,0,0,0,1,0,128,0
15,0,0,0,1,0,0,1,0,85,0
17,0,0,1,0,1,0,0,0,29,0
21,0,0,1,0,1,0,0,0,115,0
14,0,0,1,0,0,1,0,0,96,0
17,0,0,0,1,0,1,0,0,133,0
15,0,0,1,0,0,0,0,1,23,1
14,1,0,0,0,0,1,0,0,122,0
17,0,0,1,0,0,1,0,0,114,0
22,0,0,1,0,0,0,1,0,10,0
23,0,0,0,1,1,0,0,0,65,0
7,0,0,0,1,0,0,0,1,2,0
0,0,0,1,0,0,0,1,0,159,0
1,1,0,0,0,1,0,0,0,38,1
18,1,0,0,0,0,1,0,0,130,0
9,0,0,1,0,0,0,1,0,60,1
19,0,0,0,1,0,1,0,0,27,0
22,0,1,0,0,1,0,0,0,51,0
14,0,0,0,1,0,1,0,0,165,1
19,0,0,0,1,0,1,0,0,101,0
20,0,0,0,1,0,0,0,1,19,0
3,0,1,0,0,0,1,0,0,55,0
5,0,1,0,0,0,1,0,0,48,0
4,0,0,0,1,0,0,0,1,95,0
10,0,0,1,0,1,0,0,0,127,0
14,0,0,1,0,0,0,1,0,123,0
18,0,1,0,0,0,1,0,0,141,0
9,0,0,1,0,0,0,0,1,79,1
3,0,1,0,0,0,0,1,0,69,0
1,0,0,1,0,0,0,0,1,161,0
9,0,0,0,1,0,1,0,0,45,0
4,1,0,0,0,0,0,1,0,189,0
22,1,0,0,0,0,0,0,1,14,1
9,0,1,0,0,1,0,0,0,142,1
1,0,0,1,0,0,0,1,0,164,1
14,0,0,0,1,0,1,0,0,45,0
20,0,0,0,1,0,1,0,0,97,1
5,0,0,0,1,1,0,0,0,178,0
9,1,0,0,0,0,1,0,0,66,1
16,0,0,1,0,0,1,0,0,194,0
1,1,0,0,0,0,1,0,0,170,1
15,1,0,0,0,1,0,0,0,181,0
0,0,1,0,0,0,0,0,1,174,1
4,0,0,0,1,0,0,1,0,33,1
9,1,0,0,0,1,0,0,0,89,0
4,0,0,0,1,1,0,0,0,173,1
4,0,1,0,0,0,0,1,0,100,0
5,0,1,0,0,0,0,1,0,89,0
20,0,1,0,0,1,0,0,0,10,1
1,1,0,0,0,0,1,0,0,51,0
10,1,0,0,0,0,0,0,1,83,0
6,0,0,1,0,0,0,1,0,29,1
9,1,0,0,0,1,0,0,0,128,1
15,0,0,0,1,1,0,0,0,56,0
6,1,0,0,0,0,0,1,0,65,1
12,1,0,0,0,1,0,0,0,69,1
1,0,0,0,1,0,1,0,0,21,0
5,0,0,1,0,1,0,0,0,107,1
13,0,0,1,0,0,0,1,0,80,1
20,0,1,0,0,0,0,1,0,6,0
3,0,0,0,1,0,1,0,0,148,0
14,0,0,0,1,0,1,0,0,182,0
21,0,0,0,1,0,0,1,0,120,0
21,1,0,0,0,0,0,0,1,121,0
0,0,0,1,0,1,0,0,0,192,1
22,0,0,1,0,1,0,0,0,27,0
3,0,0,1,0,0,0,1,0,172,1
19,0,1,0,0,0,1,0,0,39,0
10,0,0,1,0,1,0,0,0,69,0
18,0,1,0,0,0,0,1,0,176,1
22,0,0,1,0,0,0,0,1,157,0
10,0,1,0,0,1,0,0,0,48,0
16,1,0,0,0,1,0,0,0,74,0
10,1,0,0,0,0,0,0,1,106,0
17,0,0,0,1,0,0,0,1,144,0
16,0,1,0,0,1,0,0,0,186,0
9,1,0,0,0,0,0,0,1,169,0
10,0,0,1,0,0,1,0,0,82,0
13,0,0,1,0,0,0,0,1,46,0
18,1,0,0,0,0,0,1,0,68,1
16,1,0,0,0,0,0,0,1,36,0
16,0,1,0,0,0,0,0,1,162,0
20,1,0,0,0,0,0,0,1,64,1
10,0,1,0,0,0,0,1,0,125,0
23,0,0,0,1,0,0,1,0,3,1
5,1,0,0,0,0,0,0,1,195,1
22,0,0,1,0,0,1,0,0,31,0
14,0,0,1,0,0,0,0,1,75,0
1,0,1,0,0,0,1,0,0,18,0
11,0,0,1,0,0,0,0,1,39,1
2,1,0,0,0,0,0,0,1,14,1
6,0,0,1,0,0,1,0,0,147,1
6,0,0,1,0,0,0,0,1,57,0
11,0,0,1,0,0,0,1,0,38,1
14,1,0,0,0,0,0,0,1,103,1
21,0,1,0,0,1,0,0,0,138,0
15,0,0,1,0,0,0,0,1,145,0
7,0,0,0,1,1,0,0,0,7,0
8,1,0,0,0,0,0,1,0,24,0
6,0,0,1,0,0,0,1,0,67,0
13,0,1,0,0,0,0,0,1,153,1
23,0,0,0,1,0,1,0,0,141,1
15,0,0,1,0,0,0,0,1,195,0
19,0,0,1,0,0,1,0,0,57,0
22,1,0,0,0,0,1,0,0,196,1
1,0,0,1,0,0,1,0,0,18,0
1,0,0,1,0,0,1,0,0,53,0
12,1,0,0,0,0,0,0,1,199,1
21,1,0,0,0,0,0,0,1,107,0
16,0,1,0,0,1,0,0,0,171,0
8,0,0,1,0,0,1,0,0,84,1
15,0,0,1,0,0,0,0,1,29,0
12,0,0,0,1,0,1,0,0,64,1
5,0,1,0,0,0,1,0,0,133,0
12,1,0,0,0,1,0,0,0,73,0
17,0,0,0,1,1,0,0,0,21,1
21,1,0,0,0,0,0,0,1,110,1
23,0,1,0,0,0,0,0,1,184,1
20,1,0,0,0,0,1,0,0,23,1
4,0,0,1,0,1,0,0,0,169,1
23,0,1,0,0,1,0,0,0,11,1
3,0,0,0,1,0,0,0,1,20,1
0,0,0,1,0,0,1,0,0,39,1
0,0,1,0,0,0,0,1,0,71,1
4,0,0,0,1,0,0,0,1,98,1
6,1,0,0,0,1,0,0,0,26,1
5,0,0,0,1,0,0,1,0,182,0
21,0,0,0,1,1,0,0,0,196,1
15,0,0,1,0,0,0,1,0,66,0
17,0,1,0,0,0,1,0,0,19,0
3,0,0,1,0,1,0,0,0,73,0
7,0,1,0,0,0,1,0,0,164,0
15,0,0,1,0,0,0,1,0,171,1
22,0,0,1,0,0,0,0,1,166,1
16,0,0,1,0,0,0,1,0,147,1
23,1,0,0,0,0,1,0,0,92,0
12,0,0,0,1,0,0,0,1,71,1
18,1,0,0,0,1,0,0,0,73,0
0,0,0,1,0,0,1,0,0,163,0
7,0,0,0,1,1,0,0,0,95,0
8,0,0,1,0,1,0,0,0,102,0
10,0,0,0,1,0,0,0,1,38,0
14,0,0,1,0,1,0,0,0,104,0
16,0,1,0,0,0,1,0,0,56,1
20,0,1,0,0,0,0,1,0,26,0
4,0,0,0,1,0,1,0,0,26,0
21,1,0,0,0,0,0,0,1,1,1
10,1,0,0,0,0,0,0,1,198,1
1,1,0,0,0,0,0,0,1,189,0
14,0,0,0,1,1,0,0,0,58,0
4,0,0,1,0,0,0,0,1,195,1
10,1,0,0,0,0,1,0,0,195,0
9,1,0,0,0,0,0,1,0,103,0
13,1,0,0,0,0,0,0,1,82,0
11,1,0,0,0,1,0,0,0,39,1
4,0,0,0,1,0,1,0,0,168,0
9,1,0,0,0,0,1,0,0,51,0
4,0,1,0,0,0,1,0,0,172,0
21,1,0,0,0,1,0,0,0,189,1
21,0,0,0,1,1,0,0,0,93,1
0,1,0,0,0,1,0,0,0,145,1
19,1,0,0,0,1,0,0,0,175,0
3,0,1,0,0,0,0,1,0,182,0
22,0,0,0,1,0,0,0,1,180,0
15,0,0,0,1,0,1,0,0,62,0
10,0,0,0,1,1,0,0,0,183,1
16,0,0,0,1,1,0,0,0,127,0
20,0,0,0,1,0,0,0,1,183,1
22,0,0,1,0,1,0,0,0,161,0
9,0,1,0,0,0,0,1,0,180,0
12,0,1,0,0,0,0,1,0,72,0
5,1,0,0,0,0,1,0,0,163,1
14,0,1,0,0,0,0,0,1,153,0
14,0,1,0,0,0,1,0,0,139,1
4,0,0,0,1,0,0,1,0,67,1
16,1,0,0,0,0,0,0,1,48,1
16,0,0,1,0,1,0,0,0,162,0
17,0,0,0,1,1,0,0,0,168,1
4,0,0,1,0,1,0,0,0,143,1
3,0,0,1,0,0,0,1,0,56,0
16,1,0,0,0,1,0,0,0,167,1
15,0,0,0,1,1,0,0,0,40,0
21,0,0,0,1,0,0,0,1,153,0
20,0,0,1,0,0,1,0,0,168,0
1,1,0,0,0,0,0,1,0,0,0
11,0,0,0,1,0,1,0,0,121,1
22,0,0,0,1,0,0,0,1,40,1
9,0,1,0,0,0,0,1,0,56,1
20,1,0,0,0,0,0,0,1,64,0
10,1,0,0,0,0,0,1,0,77,1
8,0,0,0,1,0,0,1,0,14,1
20,0,0,0,1,0,0,1,0,9,0
3,0,1,0,0,0,0,1,0,25,0
12,0,1,0,0,0,1,0,0,189,0
19,0,0,1,0,0,0,0,1,72,1
16,0,0,1,0,0,0,1,0,192,1
5,0,0,0,1,0,0,0,1,124,1
18,0,0,0,1,1,0,0,0,46,1
18,0,0,0,1,1,0,0,0,119,0
5,0,0,1,0,0,0,0,1,36,1
13,0,0,1,0,0,0,0,1,197,0
10,0,0,1,0,0,0,1,0,140,1
20,1,0,0,0,0,0,0,1,36,1
9,0,0,1,0,0,0,1,0,32,0
1,0,0,0,1,0,1,0,0,38,1
18,0,1,0,0,0,0,0,1,78,1
4,0,1,0,0,0,0,0,1,8,1
6,0,0,0,1,0,0,1,0,151,0
5,1,0,0,0,0,0,0,1,39,1
16,1,0,0,0,0,1,0,0,147,0
6,0,0,1,0,0,0,0,1,67,1
20,0,0,0,1,0,0,1,0,143,1
17,0,0,1,0,0,0,0,1,118,0
8,0,0,0,1,0,1,0,0,29,0
9,0,0,0,1,0,0,1,0,114,0
0,1,0,0,0,0,1,0,0,181,0
16,0,1,0,0,0,1,0,0,114,0
0,0,0,1,0,1,0,0,0,133,1
10,1,0,0,0,0,0,0,1,94,1
20,1,0,0,0,0,1,0,0,58,1
13,0,0,0,1,0,0,0,1,162,1
4,0,0,0,1,0,0,1,0,70,1
11,0,0,0,1,0,0,0,1,48,0
3,0,0,1,0,0,0,1,0,159,0
15,0,0,0,1,0,1,0,0,110,0
9,0,0,0,1,1,0,0,0,19,0
22,1,0,0,0,1,0,0,0,94,0
15,0,0,1,0,0,0,1,0,191,1
4,0,1,0,0,0,0,1,0,176,0
16,0,0,0,1,0,1,0,0,188,1
4,0,1,0,0,0,0,1,0,96,1
22,0,0,0,1,0,0,1,0,37,0
7,0,0,0,1,0,0,0,1,109,1
16,1,0,0,0,0,1,0,0,133,0
7,1,0,0,0,0,0,1,0,10,1
0,0,0,0,1,1,0,0,0,117,1
12,0,0,1,0,0,0,0,1,89,1
8,0,0,0,1,0,0,0,1,109,1
11,1,0,0,0,1,0,0,0,183,1
22,0,0,0,1,0,0,1,0,95,0
3,0,0,0,1,0,0,0,1,169,0
18,0,0,0,1,1,0,0,0,132,0
8,0,0,0,1,1,0,0,0,7,0
10,0,0,0,1,1,0,0,0,124,1
15,0,0,0,1,1,0,0,0,146,0
8,0,0,0,1,0,1,0,0,133,1
20,0,0,1,0,1,0,0,0,49,0
18,0,0,1,0,0,1,0,0,86,0
23,0,0,0,1,0,1,0,0,161,0
13,0,0,0,1,1,0,0,0,56,1
7,0,0,1,0,0,0,0,1,140,0
2,1,0,0,0,0,0,1,0,4,1
5,1,0,0,0,0,0,0,1,141,1
9,0,0,1,0,1,0,0,0,30,0
13,0,0,0,1,1,0,0,0,199,0
14,1,0,0,0,1,0,0,0,153,0
22,0,1,0,0,1,0,0,0,166,1
0,1,0,0,0,0,0,0,1,195,1
19,0,0,0,1,0,0,0,1,90,0
1,0,0,1,0,0,1,0,0,33,1
3,0,0,0,1,0,0,1,0,70,1
14,0,1,0,0,1,0,0,0,141,1
3,0,0,0,1,1,0,0,0,195,1
19,1,0,0,0,0,0,1,0,180,1
2,0,0,1,0,0,0,1,0,89,1
18,0,0,0,1,1,0,0,0,162,0
17,0,0,1,0,0,1,0,0,3,0
12,0,1,0,0,0,0,1,0,184,0
19,0,0,1,0,0,1,0,0,104,1
6,0,1,0,0,0,0,1,0,139,1
22,0,0,0,1,1,0,0,0,115,1
7,0,0,1,0,0,0,1,0,21,0
17,1,0,0,0,0,0,0,1,19,0
6,1,0,0,0,1,0,0,0,194,0
18,0,0,1,0,1,0,0,0,7,0
15,1,0,0,0,1,0,0,0,75,1
21,0,1,0,0,1,0,0,0,64,1
1,0,0,0,1,0,0,1,0,139,0
22,0,1,0,0,1,0,0,0,59,1
0,1,0,0,0,0,1,0,0,128,0
18,1,0,0,0,1,0,0,0,119,1
6,0,1,0,0,0,0,1,0,101,1
21,1,0,0,0,0,0,1,0,63,0
19,0,0,0,1,1,0,0,0,29,0
3,1,0,0,0,1,0,0,0,113,1
18,0,0,0,1,0,0,1,0,75,0
13,0,0,0,1,0,0,1,0,131,0
4,0,0,1,0,0,0,0,1,134,0
18,0,0,0,1,0,0,1,0,8,0
18,1,0,0,0,1,0,0,0,17,1
9,1,0,0,0,0,0,0,1,139,0
20,0,0,0,1,1,0,0,0,78,0
8,0,0,0,1,0,0,0,1,89,1
4,0,0,1,0,0,0,0,1,90,1
4,0,0,1,0,0,0,0,1,129,1
12,1,0,0,0,0,0,1,0,123,0
14,0,1,0,0,0,0,1,0,37,1
9,0,1,0,0,0,0,0,1,24,0
2,1,0,0,0,0,1,0,0,87,0
14,0,1,0,0,0,1,0,0,98,0
5,0,1,0,0,1,0,0,0,81,1
8,0,0,1,0,0,0,1,0,88,1
9,0,0,1,0,1,0,0,0,119,0
8,1,0,0,0,1,0,0,0,11,1
21,1,0,0,0,0,0,1,0,13,1
23,0,0,1,0,0,1,0,0,157,0
13,0,0,0,1,0,0,0,1,18,0
23,0,1,0,0,0,0,1,0,169,0
4,1,0,0,0,1,0,0,0,99,0
4,0,0,0,1,0,1,0,0,58,0
22,0,0,0,1,1,0,0,0,141,1
9,0,0,1,0,0,0,1,0,48,1
17,0,1,0,0,1,0,0,0,26,0
5,1,0,0,0,0,1,0,0,82,0
15,0,0,0,1,0,0,1,0,131,0
17,0,0,1,0,1,0,0,0,34,1
2,1,0,0,0,0,0,0,1,109,1
6,0,0,1,0,0,0,0,1,94,0
2,0,1,0,0,0,0,1,0,196,1
9,0,0,0,1,1,0,0,0,191,0
13,0,0,0,1,1,0,0,0,132,1
17,1,0,0,0,0,0,1,0,49,0
22,0,0,0,1,0,1,0,0,137,1
19,1,0,0,0,0,1,0,0,154,0
11,0,0,1,0,0,1,0,0,52,1
22,0,1,0,0,0,1,0,0,135,1
2,1,0,0,0,0,0,1,0,26,1
13,0,1,0,0,0,0,1,0,22,1
18,1,0,0,0,0,0,0,1,92,1
2,0,0,1,0,1,0,0,0,113,1
15,0,0,1,0,0,0,0,1,135,1
16,0,0,0,1,0,0,0,1,143,0
6,0,0,1,0,0,1,0,0,36,1
14,0,0,1,0,0,0,0,1,4,1
9,0,0,0,1,0,0,0,1,24,0
8,0,1,0,0,0,1,0,0,52,1
16,0,0,1,0,0,0,1,0,125,0
15,0,0,0,1,0,0,1,0,184,0
7,1,0,0,0,0,0,1,0,51,0
22,0,1,0,0,0,0,0,1,131,1
1,0,0,0,1,0,0,1,0,56,1
12,0,1,0,0,0,1,0,0,36,1
23,0,0,0,1,0,0,0,1,18,1
16,0,0,1,0,0,0,1,0,180,0
21,0,0,1,0,0,0,0,1,107,0
12,1,0,0,0,0,0,1,0,172,0
5,0,0,1,0,0,0,1,0,16,1
7,1,0,0,0,0,1,0,0,199,0
11,0,1,0,0,0,0,1,0,99,1
13,0,0,0,1,0,0,1,0,137,0
15,0,0,0,1,1,0,0,0,128,0
15,0,0,0,1,0,0,0,1,177,1
2,0,1,0,0,0,0,1,0,26,0
20,0,1,0,0,1,0,0,0,160,0
5,1,0,0,0,0,1,0,0,142,0
12,1,0,0,0,1,0,0,0,119,0
12,0,1,0,0,0,1,0,0,12,1
15,1,0,0,0,1,0,0,0,150,0
20,1,0,0,0,0,0,1,0,197,0
5,0,0,1,0,0,0,1,0,130,1
11,0,1,0,0,1,0,0,0,61,1
14,0,1,0,0,0,0,0,1,197,0
14,0,1,0,0,0,1,0,0,16,1
0,0,1,0,0,1,0,0,0,149,0
4,0,1,0,0,0,0,1,0,12,0
10,0,1,0,0,0,1,0,0,183,0
17,0,1,0,0,1,0,0,0,104,0
18,0,0,1,0,0,0,0,1,197,0
9,0,0,0,1,0,0,0,1,149,0
0,0,0,0,1,0,0,1,0,22,0
15,0,0,1,0,0,1,0,0,107,0
20,0,0,0,1,1,0,0,0,28,1
23,0,0,0,1,1,0,0,0,198,1
13,0,0,1,0,0,1,0,0,17,1
0,0,0,0,1,0,0,1,0,180,1
12,0,0,0,1,0,0,1,0,160,1
6,0,0,1,0,1,0,0,0,75,1
16,0,0,0,1,0,0,0,1,120,1
13,0,0,0,1,0,1,0,0,107,1
16,0,1,0,0,0,0,0,1,12,1
9,1,0,0,0,0,0,1,0,74,1
15,0,1,0,0,0,1,0,0,101,1
12,0,0,1,0,0,1,0,0,103,1
2,1,0,0,0,0,0,1,0,128,0
15,0,0,1,0,0,0,0,1,190,0
22,1,0,0,0,0,0,0,1,15,1
11,1,0,0,0,0,0,0,1,102,1
16,1,0,0,0,1,0,0,0,47,1
10,1,0,0,0,0,1,0,0,43,0
13,0,1,0,0,1,0,0,0,116,0
4,0,0,0,1,0,0,1,0,74,0
5,0,0,1,0,0,0,1,0,130,0
15,0,0,1,0,1,0,0,0,124,1
11,0,0,1,0,0,0,0,1,101,0
11,0,0,0,1,0,1,0,0,60,0
0,0,0,1,0,1,0,0,0,144,1
21,0,1,0,0,1,0,0,0,60,0
8,0,1,0,0,1,0,0,0,7,0
22,0,0,1,0,0,0,0,1,183,0
20,0,1,0,0,1,0,0,0,26,0
2,1,0,0,0,1,0,0,0,155,1
19,0,1,0,0,0,1,0,0,70,1
16,0,1,0,0,0,1,0,0,10,0
10,1,0,0,0,0,1,0,0,163,1
9,0,0,1,0,0,1,0,0,119,1
12,0,0,1,0,0,1,0,0,168,1
7,0,0,0,1,1,0,0,0,176,0
5,1,0,0,0,0,0,1,0,102,1
10,1,0,0,0,0,1,0,0,83,1
4,0,0,1,0,1,0,0,0,64,0
11,0,0,1,0,0,1,0,0,64,0
0,0,1,0,0,0,1,0,0,80,0
22,0,0,0,1,0,0,1,0,122,0
12,1,0,0,0,0,1,0,0,137,0
12,0,0,0,1,0,0,1,0,38,1
13,1,0,0,0,0,1,0,0,145,1
1,0,0,1,0,0,0,0,1,180,1
5,1,0,0,0,0,0,0,1,144,1
5,0,0,0,1,0,1,0,0,178,1
22,0,0,0,1,0,0,1,0,30,1
9,0,0,0,1,0,0,0,1,108,0
20,0,0,1,0,1,0,0,0,111,1
6,0,0,1,0,0,0,0,1,90,1
8,0,0,0,1,0,0,1,0,137,0
18,0,0,1,0,0,0,1,0,38,0
23,0,0,0,1,0,0,0,1,106,1
10,0,0,1,0,0,0,0,1,143,1
9,0,1,0,0,0,1,0,0,96,0
1,0,0,0,1,0,0,0,1,146,0
2,0,0,1,0,0,0,0,1,44,1
16,0,1,0,0,0,1,0,0,139,1
22,0,1,0,0,0,0,0,1,21,0
7,0,0,1,0,0,0,1,0,192,0
15,0,0,0,1,0,0,0,1,166,0
2,0,0,0,1,0,1,0,0,163,0
21,0,0,1,0,0,1,0,0,53,1
16,0,0,0,1,0,0,1,0,68,0
14,1,0,0,0,1,0,0,0,136,0
8,0,1,0,0,0,0,1,0,96,0
16,1,0,0,0,0,0,0,1,108,0
9,0,1,0,0,1,0,0,0,123,1
4,0,1,0,0,1,0,0,0,93,1
1,0,0,0,1,0,1,0,0,57,1
14,0,0,0,1,0,0,0,1,63,1
22,0,0,0,1,0,0,1,0,161,0
1,1,0,0,0,0,0,0,1,17,0
5,0,0,1,0,0,1,0,0,128,1
3,1,0,0,0,0,0,0,1,108,1
8,0,1,0,0,0,0,1,0,29,0
7,0,0,0,1,1,0,0,0,191,1
19,1,0,0,0,0,0,0,1,102,0
9,0,0,1,0,0,0,0,1,76,1
18,0,1,0,0,0,0,0,1,181,1
15,0,0,0,1,0,0,1,0,120,1
2,0,0,1,0,1,0,0,0,49,0
10,0,1,0,0,0,1,0,0,98,1
5,0,1,0,0,0,0,1,0,8,0
6,0,0,0,1,0,1,0,0,35,0
3,0,0,0,1,0,1,0,0,93,0
14,0,0,0,1,0,1,0,0,75,0
1,0,0,0,1,0,1,0,0,0,0
4,0,1,0,0,1,0,0,0,24,0
15,0,0,0,1,0,0,1,0,108,1
19,0,0,1,0,0,0,0,1,68,0
8,0,0,1,0,1,0,0,0,161,1
21,0,1,0,0,0,1,0,0,9,1
19,1,0,0,0,0,0,0,1,168,1
23,0,0,1,0,0,0,1,0,141,0
16,1,0,0,0,0,0,1,0,133,0
10,1,0,0,0,0,0,1,0,72,1
16,0,0,0,1,0,0,1,0,25,1
10,0,0,1,0,0,0,0,1,40,0
21,1,0,0,0,0,0,0,1,144,1
11,0,0,0,1,1,0,0,0,36,0
11,0,0,0,1,0,1,0,0,154,0
10,0,1,0,0,0,0,0,1,105,0
12,0,0,1,0,0,1,0,0,8,1
4,0,0,1,0,1,0,0,0,51,0
15,1,0,0,0,0,0,0,1,32,0
22,0,0,0,1,0,0,1,0,16,1
10,0,1,0,0,0,0,0,1,68,1
3,0,0,1,0,0,0,0,1,167,1
5,0,1,0,0,0,1,0,0,88,0
8,0,0,0,1,0,1,0,0,125,0
21,0,1,0,0,0,0,0,1,169,0
7,0,0,1,0,0,0,0,1,190,1
14,0,1,0,0,0,0,1,0,114,1
5,0,0,1,0,1,0,0,0,144,1
1,0,0,0,1,0,0,1,0,139,1
1,0,0,0,1,0,0,0,1,162,1
6,0,0,0,1,1,0,0,0,179,1
8,0,0,0,1,1,0,0,0,179,0
21,1,0,0,0,1,0,0,0,190,0
6,1,0,0,0,1,0,0,0,183,1
0,1,0,0,0,0,0,1,0,33,0
4,0,0,0,1,1,0,0,0,3,1
15,0,0,0,1,0,1,0,0,67,0
13,1,0,0,0,0,1,0,0,196,0
5,0,0,0,1,0,0,1,0,171,0
6,0,1,0,0,0,1,0,0,1,0
20,0,0,1,0,1,0,0,0,37,0
6,1,0,0,0,0,1,0,0,169,0
17,1,0,0,0,0,0,1,0,34,0
20,0,0,1,0,0,1,0,0,81,1
23,0,1,0,0,0,0,1,0,53,0
9,0,0,0,1,1,0,0,0,149,1
23,1,0,0,0,1,0,0,0,5,0
5,0,1,0,0,0,0,0,1,123,1
17,1,0,0,0,0,0,0,1,57,0
11,0,0,1,0,0,0,0,1,17,0
12,0,0,1,0,1,0,0,0,87,1
5,0,0,0,1,0,0,1,0,135,1
3,0,0,1,0,0,1,0,0,170,1
5,0,0,0,1,0,1,0,0,72,0
10,0,0,0,1,1,0,0,0,113,0
17,1,0,0,0,0,0,0,1,45,1
13,0,0,0,1,0,0,0,1,2,1
0,0,1,0,0,0,0,1,0,70,1
14,1,0,0,0,0,0,0,1,35,0
12,0,1,0,0,0,0,1,0,125,1
7,0,1,0,0,0,0,0,1,111,0
11,0,0,1,0,0,1,0,0,28,0
20,0,0,1,0,0,0,1,0,135,0
21,0,1,0,0,0,0,0,1,86,1
7,1,0,0,0,0,0,0,1,123,1
9,1,0,0,0,1,0,0,0,89,1
11,0,0,1,0,1,0,0,0,110,1
1,0,0,0,1,0,0,0,1,124,0
14,0,0,0,1,0,0,1,0,133,0
18,0,0,1,0,0,0,0,1,180,1
7,1,0,0,0,0,1,0,0,154,1
20,1,0,0,0,0,0,0,1,186,1
21,0,0,1,0,0,0,1,0,45,1
22,1,0,0,0,0,0,1,0,140,1
20,0,0,0,1,0,1,0,0,60,1
4,0,0,0,1,1,0,0,0,117,0
23,0,0,1,0,0,0,1,0,59,0
10,0,0,1,0,0,0,0,1,175,0
1,1,0,0,0,0,1,0,0,93,0
14,0,0,1,0,0,0,0,1,70,0
13,0,0,1,0,1,0,0,0,20,1
13,0,0,0,1,0,1,0,0,17,1
11,1,0,0,0,0,0,1,0,112,1
2,0,0,1,0,0,0,0,1,89,1
20,0,1,0,0,1,0,0,0,83,1
8,0,0,1,0,0,0,0,1,48,0
3,0,0,1,0,0,0,1,0,130,1
14,0,1,0,0,1,0,0,0,188,1
15,0,1,0,0,1,0,0,0,118,0
20,0,1,0,0,0,0,1,0,142,1
7,1,0,0,0,0,1,0,0,79,1
23,1,0,0,0,0,0,0,1,72,0
13,0,1,0,0,0,0,0,1,183,0
6,1,0,0,0,1,0,0,0,147,1
16,0,0,1,0,1,0,0,0,190,0
7,0,0,1,0,1,0,0,0,92,0
3,0,1,0,0,0,0,1,0,0,1
11,0,1,0,0,0,1,0,0,129,1
8,0,0,1,0,0,0,0,1,184,0
7,1,0,0,0,0,1,0,0,171,0
19,0,0,0,1,0,0,1,0,18,0
4,0,1,0,0,0,0,1,0,54,0
14,0,0,0,1,1,0,0,0,9,1
17,0,0,1,0,0,1,0,0,137,1
13,0,0,1,0,0,0,1,0,42,0
2,0,1,0,0,0,0,1,0,177,0
5,0,0,1,0,0,1,0,0,98,0
0,0,0,0,1,0,1,0,0,109,0
20,0,0,1,0,0,1,0,0,194,0
5,0,0,1,0,1,0,0,0,64,1
11,0,1,0,0,0,1,0,0,22,0
12,1,0,0,0,1,0,0,0,43,1
21,0,0,0,1,0,0,1,0,32,0
17,1,0,0,0,0,0,0,1,98,0
16,0,0,0,1,0,1,0,0,24,1
4,0,1,0,0,0,0,1,0,49,1
1,0,0,1,0,0,0,0,1,142,0
15,0,0,1,0,0,0,1,0,110,1
17,0,1,0,0,0,0,1,0,85,0
9,0,0,1,0,0,1,0,0,112,0
10,1,0,0,0,0,1,0,0,115,1
20,0,0,1,0,0,0,0,1,0,1
1,1,0,0,0,0,0,0,1,41,0
18,0,0,0,1,0,0,0,1,74,0
8,1,0,0,0,0,0,0,1,155,1
11,1,0,0,0,1,0,0,0,56,0
14,0,0,1,0,0,0,0,1,73,0
5,0,0,0,1,0,0,0,1,16,1
13,0,0,0,1,0,0,1,0,193,0
21,0,1,0,0,0,0,0,1,182,0
22,0,0,1,0,0,1,0,0,102,1
22,0,0,0,1,0,0,1,0,62,1
14,1,0,0,0,0,1,0,0,163,0
14,0,1,0,0,1,0,0,0,124,1
0,0,0,0,1,0,0,0,1,127,1
21,0,1,0,0,0,0,0,1,59,0
12,0,0,1,0,1,0,0,0,121,0
14,0,0,1,0,0,0,1,0,197,1
11,1,0,0,0,0,0,1,0,10,0
3,1,0,0,0,1,0,0,0,147,1
11,1,0,0,0,0,0,0,1,130,0
1,0,1,0,0,0,0,0,1,67,0
17,0,0,1,0,0,0,1,0,196,0
1,0,0,0,1,1,0,0,0,62,1
19,0,1,0,0,0,0,0,1,56,0
14,0,1,0,0,1,0,0,0,140,1
4,0,1,0,0,0,0,1,0,58,0
22,0,1,0,0,0,1,0,0,41,0
17,1,0,0,0,0,1,0,0,64,1
0,1,0,0,0,0,0,0,1,34,0
1,0,1,0,0,1,0,0,0,53,0
20,0,1,0,0,0,0,0,1,47,1
13,0,0,1,0,0,1,0,0,67,1
13,0,0,0,1,0,0,0,1,52,1
21,0,0,1,0,0,1,0,0,23,1
12,0,1,0,0,0,1,0,0,193,0
7,0,0,0,1,0,1,0,0,25,0
9,0,0,1,0,0,1,0,0,112,0
21,0,0,0,1,0,0,1,0,37,1
11,1,0,0,0,0,0,0,1,72,1
8,1,0,0,0,0,1,0,0,26,1
3,0,0,1,0,0,1,0,0,124,0
13,0,1,0,0,0,0,1,0,177,1
2,0,0,0,1,0,1,0,0,20,0
15,0,1,0,0,0,0,1,0,40,1
13,0,0,0,1,0,0,0,1,113,1
19,0,0,0,1,0,0,1,0,132,1
11,0,1,0,0,0,1,0,0,110,0
2,1,0,0,0,1,0,0,0,171,1
6,0,0,0,1,1,0,0,0,33,0
20,0,0,0,1,1,0,0,0,107,0
7,1,0,0,0,1,0,0,0,175,1
14,0,1,0,0,0,0,0,1,25,0
22,0,0,0,1,0,0,0,1,57,1
16,0,0,0,1,1,0,0,0,78,0
0,0,1,0,0,1,0,0,0,45,1
23,1,0,0,0,0,0,0,1,39,0
5,0,0,0,1,0,0,1,0,62,1
6,1,0,0,0,0,0,1,0,176,1
20,0,1,0,0,1,0,0,0,47,0
11,0,0,1,0,0,0,0,1,38,1
3,1,0,0,0,0,0,0,1,132,0
1,0,0,0,1,1,0,0,0,145,1
22,0,0,1,0,0,1,0,0,26,0
20,0,1,0,0,0,0,0,1,79,1
3,0,0,1,0,0,0,1,0,155,0
10,0,1,0,0,0,0,1,0,140,0
1,1,0,0,0,1,0,0,0,91,1
7,0,1,0,0,0,0,0,1,199,1
2,0,0,1,0,0,0,0,1,141,1
21,0,1,0,0,1,0,0,0,68,0
6,0,1,0,0,0,0,1,0,52,0
7,0,0,0,1,1,0,0,0,162,1
1,0,0,0,1,0,0,0,1,138,1
23,0,1,0,0,0,0,1,0,169,1
21,0,1,0,0,0,0,1,0,192,1
10,1,0,0,0,1,0,0,0,121,0
11,0,1,0,0,0,1,0,0,67,0
16,0,0,1,0,0,0,0,1,57,0
13,1,0,0,0,1,0,0,0,7,1
18,1,0,0,0,1,0,0,0,62,1
0,0,0,1,0,0,0,1,0,167,0
6,0,0,1,0,0,0,0,1,24,0
11,0,1,0,0,0,0,0,1,166,1
3,0,0,0,1,1,0,0,0,3,0
6,0,0,0,1,0,0,0,1,145,1
23,0,1,0,0,0,0,0,1,83,0
14,0,1,0,0,0,0,0,1,123,1
11,0,0,1,0,0,1,0,0,197,1
13,1,0,0,0,0,0,0,1,132,0
5,1,0,0,0,0,1,0,0,30,1
19,0,1,0,0,1,0,0,0,79,0
9,1,0,0,0,0,0,0,1,198,0
13,0,0,0,1,0,1,0,0,71,0
14,0,0,0,1,0,0,1,0,91,0
5,0,0,0,1,0,0,0,1,7,0
6,1,0,0,0,0,0,1,0,107,1
8,1,0,0,0,0,0,0,1,26,1
5,1,0,0,0,0,0,1,0,193,0
9,1,0,0,0,0,0,1,0,145,1
14,1,0,0,0,0,0,0,1,20,0
1,1,0,0,0,0,0,1,0,155,1
20,0,1,0,0,0,0,0,1,157,1
17,0,0,0,1,0,1,0,0,55,1
9,0,0,1,0,0,0,1,0,15,0
16,0,0,0,1,1,0,0,0,197,0
13,0,1,0,0,0,1,0,0,147,1
3,0,0,0,1,1,0,0,0,70,0
8,0,1,0,0,0,1,0,0,119,0
6,0,0,0,1,0,1,0,0,40,1
4,0,1,0,0,0,1,0,0,68,1
20,1,0,0,0,0,1,0,0,7,1
9,0,1,0,0,1,0,0,0,69,0
22,1,0,0,0,0,0,0,1,178,0
18,0,0,0,1,0,0,1,0,108,0
11,0,1,0,0,0,0,0,1,25,0
7,0,1,0,0,0,1,0,0,145,0
13,1,0,0,0,0,1,0,0,87,0
11,0,1,0,0,0,1,0,0,14,0
1,1,0,0,0,0,0,1,0,14,1
1,0,1,0,0,1,0,0,0,100,0
11,0,0,0,1,0,0,1,0,22,1
21,0,0,0,1,0,0,0,1,149,1
7,0,0,0,1,0,0,0,1,27,1
14,1,0,0,0,0,0,0,1,15,0
8,0,0,0,1,0,0,0,1,97,0
19,1,0,0,0,0,0,1,0,60,1
3,1,0,0,0,0,0,0,1,147,1
10,0,0,0,1,0,0,0,1,35,0
23,0,0,0,1,0,0,0,1,37,0
16,0,1,0,0,1,0,0,0,161,0
10,0,1,0,0,0,1,0,0,4,1
22,0,0,0,1,0,0,1,0,39,0
5,0,1,0,0,0,0,0,1,158,0
5,0,0,0,1,0,0,1,0,36,0
9,1,0,0,0,1,0,0,0,143,0
14,1,0,0,0,0,0,0,1,13,0
19,1,0,0,0,0,1,0,0,77,1
8,0,1,0,0,0,1,0,0,4,1
15,1,0,0,0,0,1,0,0,80,1
2,1,0,0,0,0,0,0,1,168,1
13,0,0,1,0,1,0,0,0,66,1
13,0,0,1,0,0,0,0,1,51,1
13,0,0,1,0,0,0,1,0,49,1
13,1,0,0,0,0,0,1,0,97,1
21,1,0,0,0,1,0,0,0,84,0
2,0,1,0,0,0,0,1,0,29,0
19,0,1,0,0,0,0,1,0,59,0
7,0,0,0,1,0,0,0,1,11,0
21,0,0,0,1,0,1,0,0,164,0
20,1,0,0,0,0,0,1,0,1,1
4,0,0,1,0,0,0,1,0,145,0
10,0,0,0,1,0,0,1,0,50,0
18,1,0,0,0,0,1,0,0,137,1
19,0,1,0,0,0,1,0,0,198,0
1,0,1,0,0,0,1,0,0,142,1
9,1,0,0,0,0,0,0,1,56,1
16,0,0,1,0,0,1,0,0,61,1
7,1,0,0,0,1,0,0,0,146,0
14,1,0,0,0,0,0,1,0,114,1
1,0,1,0,0,0,0,0,1,1,1
0,0,1,0,0,1,0,0,0,57,0
20,1,0,0,0,0,0,1,0,134,0
4,0,0,1,0,1,0,0,0,62,0
20,0,0,0,1,0,0,0,1,159,1
23,0,0,1,0,0,0,0,1,180,0
0,1,0,0,0,1,0,0,0,140,1
8,0,1,0,0,0,0,1,0,29,1
10,0,0,0,1,0,0,1,0,15,0
17,0,0,1,0,0,0,1,0,193,1
6,1,0,0,0,1,0,0,0,125,1
11,0,1,0,0,0,0,0,1,87,1
18,0,0,1,0,1,0,0,0,187,0
18,0,0,0,1,1,0,0,0,136,1
9,0,0,0,1,0,0,0,1,134,1
16,0,0,0,1,0,1,0,0,55,1
14,1,0,0,0,0,0,0,1,168,1
6,1,0,0,0,0,0,1,0,1,1
12,0,0,0,1,1,0,0,0,50,1
11,0,1,0,0,0,0,1,0,95,1
14,1,0,0,0,0,0,0,1,98,1
3,0,0,1,0,0,1,0,0,185,0
9,0,1,0,0,1,0,0,0,117,0
3,0,1,0,0,0,0,1,0,105,0
20,0,0,1,0,0,0,0,1,8,0
20,0,0,1,0,1,0,0,0,82,0
23,0,0,1,0,0,1,0,0,119,0
16,1,0,0,0,1,0,0,0,131,0
20,0,0,0,1,0,0,0,1,163,0
22,1,0,0,0,0,1,0,0,162,0
20,0,0,1,0,0,1,0,0,49,0
0,0,1,0,0,0,0,1,0,197,1
6,1,0,0,0,0,0,1,0,62,1
4,1,0,0,0,0,0,1,0,95,1
18,0,0,0,1,1,0,0,0,92,0
21,0,0,1,0,0,0,0,1,189,0
2,0,0,0,1,0,0,0,1,178,1
7,0,1,0,0,0,0,0,1,163,0
11,0,1,0,0,0,1,0,0,15,0
1,0,0,1,0,0,1,0,0,72,1
4,1,0,0,0,0,1,0,0,67,1
3,1,0,0,0,0,1,0,0,22,0
20,1,0,0,0,0,1,0,0,38,1
16,0,0,1,0,0,0,1,0,22,0
14,1,0,0,0,0,1,0,0,100,0
22,0,1,0,0,0,1,0,0,39,0
9,0,0,1,0,0,0,1,0,171,0
22,1,0,0,0,0,0,0,1,95,0
6,0,1,0,0,0,0,1,0,149,0
12,0,0,0,1,0,1,0,0,96,0
15,1,0,0,0,0,1,0,0,183,0
0,1,0,0,0,1,0,0,0,30,0
6,0,0,0,1,1,0,0,0,173,1
1,0,1,0,0,0,0,1,0,99,1
12,0,0,1,0,1,0,0,0,39,1
3,0,0,1,0,0,0,1,0,15,1
6,0,1,0,0,0,0,1,0,107,0
15,1,0,0,0,0,1,0,0,92,0
5,0,0,0,1,0,1,0,0,178,0
8,1,0,0,0,0,0,0,1,69,0
7,0,0,1,0,0,0,1,0,94,1
14,0,0,0,1,0,0,1,0,193,1
12,0,0,0,1,0,1,0,0,20,0
12,0,0,0,1,1,0,0,0,117,0
16,0,0,0,1,0,1,0,0,111,0
8,1,0,0,0,1,0,0,0,167,0
6,1,0,0,0,0,1,0,0,76,1
22,1,0,0,0,0,1,0,0,126,0
14,0,1,0,0,0,1,0,0,85,0
17,0,1,0,0,0,1,0,0,54,0
4,0,0,1,0,1,0,0,0,97,0
5,0,0,0,1,0,1,0,0,25,0
3,0,0,1,0,1,0,0,0,192,1
13,0,0,0,1,0,1,0,0,139,1
17,0,0,1,0,0,1,0,0,143,1
23,0,0,1,0,1,0,0,0,13,0
8,0,1,0,0,0,1,0,0,58,0
6,0,0,1,0,1,0,0,0,91,1
20,0,0,1,0,0,0,0,1,190,1
22,1,0,0,0,0,0,0,1,116,0
16,0,0,1,0,0,0,0,1,84,1
2,0,1,0,0,0,0,0,1,125,0
17,1,0,0,0,0,0,1,0,135,0
1,0,0,1,0,0,1,0,0,147,0
6,0,0,1,0,0,0,0,1,198,0
16,0,0,0,1,0,0,0,1,112,0
0,0,0,0,1,0,1,0,0,36,0
22,1,0,0,0,1,0,0,0,46,1
5,0,1,0,0,1,0,0,0,24,1
7,0,0,1,0,1,0,0,0,193,1
21,0,0,1,0,0,1,0,0,174,1
3,0,1,0,0,1,0,0,0,134,0
8,0,0,1,0,0,0,1,0,34,1
10,0,1,0,0,0,0,1,0,123,1
19,0,1,0,0,1,0,0,0,191,0
14,0,0,0,1,1,0,0,0,154,0
17,0,1,0,0,0,0,1,0,150,0
12,0,0,0,1,0,1,0,0,8,1
10,0,1,0,0,0,0,0,1,62,1
18,0,0,0,1,0,1,0,0,20,0
8,0,0,0,1,0,0,1,0,35,1
14,0,1,0,0,0,0,0,1,152,0
6,1,0,0,0,0,1,0,0,42,0
2,0,1,0,0,1,0,0,0,26,0
23,1,0,0,0,0,1,0,0,72,1
9,0,1,0,0,1,0,0,0,81,1
22,0,0,1,0,0,0,1,0,114,1
23,0,0,1,0,0,0,0,1,88,1
1,0,0,1,0,0,1,0,0,178,1
9,0,0,1,0,1,0,0,0,133,0
23,1,0,0,0,0,1,0,0,99,1
6,0,0,0,1,1,0,0,0,48,0
12,0,1,0,0,0,0,1,0,16,0
21,0,0,0,1,0,1,0,0,104,0
21,0,0,1,0,0,0,0,1,100,1
21,1,0,0,0,1,0,0,0,127,1
20,0,0,1,0,0,0,0,1,58,0
4,0,1,0,0,0,0,0,1,182,1
21,0,1,0,0,0,1,0,0,166,0
8,1,0,0,0,0,0,0,1,199,0
13,1,0,0,0,0,0,0,1,43,0
4,0,0,1,0,0,1,0,0,137,1
8,0,0,1,0,1,0,0,0,134,1
11,1,0,0,0,1,0,0,0,22,0
12,0,1,0,0,0,1,0,0,171,0
7,0,0,1,0,0,0,0,1,130,1
14,0,0,1,0,1,0,0,0,19,1
22,0,1,0,0,0,0,1,0,84,1
18,0,0,1,0,0,1,0,0,53,0
13,0,0,1,0,0,0,1,0,104,1
9,0,0,1,0,0,0,0,1,68,0
6,1,0,0,0,0,0,0,1,103,0
4,0,0,0,1,0,0,0,1,103,1
15,0,0,0,1,0,0,1,0,131,1
11,1,0,0,0,0,0,1,0,192,0
22,0,0,1,0,0,1,0,0,24,1
19,0,0,0,1,0,0,1,0,84,1
15,0,0,1,0,0,1,0,0,35,0
14,1,0,0,0,1,0,0,0,121,0
16,0,0,0,1,0,1,0,0,125,1
20,0,0,1,0,0,0,1,0,55,0
21,1,0,0,0,0,0,0,1,81,0
14,0,1,0,0,0,0,0,1,81,1
3,1,0,0,0,0,1,0,0,142,0
13,0,1,0,0,0,0,1,0,130,1
7,0,0,0,1,0,0,1,0,15,1
19,0,0,1,0,1,0,0,0,66,0
8,0,0,1,0,0,1,0,0,76,1
6,0,0,0,1,0,0,0,1,110,0
22,1,0,0,0,0,1,0,0,95,1
14,0,0,1,0,0,0,1,0,103,1
17,1,0,0,0,0,0,1,0,189,0
14,1,0,0,0,0,0,1,0,109,1
2,0,1,0,0,0,0,1,0,152,0
22,0,0,1,0,0,0,1,0,140,0
0,0,0,1,0,0,1,0,0,92,1
19,1,0,0,0,0,0,0,1,64,0
13,0,0,1,0,0,0,1,0,143,0
22,0,0,0,1,1,0,0,0,88,1
20,0,0,1,0,0,1,0,0,182,0
17,0,0,0,1,0,0,0,1,88,0
23,1,0,0,0,0,0,0,1,192,0
5,0,0,1,0,0,0,1,0,50,1
6,0,0,0,1,0,0,1,0,186,1
17,1,0,0,0,0,0,1,0,81,0
1,0,0,1,0,0,1,0,0,7,1
14,0,0,0,1,0,1,0,0,189,1
1,0,0,1,0,0,0,0,1,9,0
3,1,0,0,0,0,0,1,0,67,0
1,0,1,0,0,0,1,0,0,45,0
2,0,0,0,1,1,0,0,0,18,0
7,0,1,0,0,0,0,0,1,26,1
4,1,0,0,0,0,1,0,0,109,0
1,1,0,0,0,0,0,1,0,138,0
4,1,0,0,0,0,0,0,1,153,1
2,0,0,1,0,1,0,0,0,109,1
21,0,0,1,0,0,1,0,0,106,0
16,0,0,1,0,1,0,0,0,176,1
1,0,0,0,1,0,0,0,1,13,1
19,1,0,0,0,0,0,1,0,178,1
22,0,0,0,1,0,0,0,1,111,0
2,0,1,0,0,0,1,0,0,65,1
7,0,1,0,0,0,0,0,1,6,0
6,0,0,0,1,1,0,0,0,57,0
23,0,0,0,1,1,0,0,0,164,1
8,0,1,0,0,0,1,0,0,158,0
5,1,0,0,0,1,0,0,0,121,1
17,0,0,1,0,1,0,0,0,195,0
5,0,0,0,1,1,0,0,0,154,1
21,1,0,0,0,0,1,0,0,16,0
18,0,0,0,1,0,0,1,0,154,0
12,1,0,0,0,0,1,0,0,56,0
18,0,0,1,0,1,0,0,0,183,1
22,0,1,0,0,0,1,0,0,20,0
8,0,0,0,1,1,0,0,0,10,0
8,0,1,0,0,0,0,0,1,142,0
18,1,0,0,0,1,0,0,0,32,1
4,0,0,1,0,0,0,1,0,13,0
1,0,1,0,0,0,0,0,1,36,1
21,1,0,0,0,0,0,1,0,19,1
15,1,0,0,0,0,0,0,1,107,0
10,0,1,0,0,0,0,1,0,136,1
15,0,1,0,0,0,1,0,0,188,1
20,0,0,1,0,1,0,0,0,111,1
11,0,0,1,0,0,0,1,0,17,1
1,0,0,1,0,0,1,0,0,29,1
16,1,0,0,0,0,1,0,0,162,1
20,0,0,0,1,0,1,0,0,64,0
9,0,0,0,1,0,0,0,1,166,0
21,1,0,0,0,0,0,1,0,152,1
10,0,0,1,0,0,0,0,1,58,0
19,0,0,1,0,0,1,0,0,99,0
2,0,0,0,1,0,1,0,0,156,1
8,1,0,0,0,1,0,0,0,78,0
18,0,0,0,1,1,0,0,0,75,1
0,0,0,0,1,0,1,0,0,19,0
13,0,1,0,0,0,0,1,0,131,1
14,1,0,0,0,0,0,0,1,28,0
8,1,0,0,0,0,0,1,0,108,0
0,0,1,0,0,0,1,0,0,91,1
1,0,1,0,0,0,0,1,0,55,1
0,0,0,0,1,1,0,0,0,129,1
6,0,0,1,0,0,0,1,0,92,1
1,0,1,0,0,0,0,0,1,72,0
0,0,0,1,0,0,1,0,0,155,1
8,1,0,0,0,1,0,0,0,24,0
20,0,0,1,0,0,1,0,0,136,0
2,1,0,0,0,1,0,0,0,62,1
19,1,0,0,0,1,0,0,0,182,1
2,0,0,1,0,0,0,0,1,78,0
16,1,0,0,0,0,1,0,0,144,1
19,0,0,1,0,1,0,0,0,79,1
0,0,0,1,0,0,1,0,0,91,0
13,0,0,1,0,0,0,1,0,107,1
10,0,0,0,1,0,0,0,1,75,0
3,0,1,0,0,0,1,0,0,6,1
8,1,0,0,0,0,0,1,0,181,0
16,1,0,0,0,0,0,1,0,176,1
1,0,0,0,1,0,0,0,1,57,1
23,0,0,1,0,0,0,1,0,100,1
17,0,0,1,0,0,0,1,0,120,1
19,0,0,0,1,0,1,0,0,99,0
16,0,0,1,0,1,0,0,0,68,1
21,0,0,1,0,0,1,0,0,27,0
9,0,0,1,0,0,0,1,0,141,0
19,1,0,0,0,0,1,0,0,87,1
19,0,0,0,1,0,1,0,0,150,0
19,1,0,0,0,0,0,0,1,166,1
21,0,0,0,1,0,0,1,0,39,1
5,0,0,0,1,0,0,0,1,130,0
2,0,1,0,0,0,0,1,0,36,1
15,0,0,1,0,1,0,0,0,45,0
11,0,0,1,0,0,0,0,1,162,0
14,0,1,0,0,1,0,0,0,73,1
0,1,0,0,0,0,1,0,0,86,1
5,0,0,1,0,0,0,0,1,64,0
19,0,1,0,0,0,0,1,0,47,0
0,0,0,0,1,0,0,0,1,14,1
23,0,0,1,0,0,1,0,0,46,1
13,0,0,0,1,0,1,0,0,155,0
15,0,1,0,0,0,1,0,0,90,1
1,0,1,0,0,0,0,0,1,28,0
16,0,0,1,0,0,0,0,1,74,0
3,0,0,0,1,0,0,0,1,187,1
14,0,0,1,0,0,1,0,0,127,0
7,0,0,0,1,0,0,0,1,37,0
5,0,1,0,0,0,0,1,0,18,0
20,0,0,0,1,0,0,1,0,128,0
0,0,0,1,0,1,0,0,0,176,0
6,1,0,0,0,0,0,0,1,67,0
12,0,1,0,0,0,0,0,1,163,1
8,0,0,1,0,1,0,0,0,18,1
19,0,0,1,0,0,1,0,0,121,0
0,1,0,0,0,0,1,0,0,87,1
14,0,0,0,1,0,0,1,0,64,1
8,0,0,1,0,0,0,1,0,32,0
0,0,0,1,0,0,0,1,0,193,0
9,0,1,0,0,1,0,0,0,51,1
3,1,0,0,0,1,0,0,0,168,1
15,0,1,0,0,0,1,0,0,179,1
18,0,0,0,1,1,0,0,0,124,1
23,1,0,0,0,0,0,1,0,6,1
1,0,0,0,1,0,1,0,0,193,1
7,0,0,0,1,0,0,0,1,87,1
7,0,0,1,0,0,0,0,1,88,1
7,1,0,0,0,0,1,0,0,113,1
14,0,0,0,1,0,1,0,0,183,1
3,0,0,1,0,1,0,0,0,70,0
4,0,0,1,0,0,0,1,0,47,1
17,0,0,0,1,0,1,0,0,183,0
19,1,0,0,0,1,0,0,0,104,0
5,0,0,0,1,1,0,0,0,73,1
13,1,0,0,0,0,1,0,0,129,0
18,0,0,0,1,0,0,1,0,8,0
18,0,0,0,1,1,0,0,0,164,1
19,0,0,0,1,0,0,0,1,134,0
6,1,0,0,0,0,1,0,0,94,0
1,0,1,0,0,0,0,0,1,115,0
21,1,0,0,0,0,1,0,0,137,1
17,0,0,1,0,0,0,1,0,43,1
20,1,0,0,0,0,0,1,0,68,0
20,1,0,0,0,0,1,0,0,133,1
1,0,0,1,0,0,0,1,0,67,1
9,0,0,1,0,0,0,0,1,170,0
19,0,0,0,1,1,0,0,0,194,1
6,0,1,0,0,0,0,0,1,74,0
14,0,1,0,0,0,0,1,0,163,0
12,0,0,0,1,0,0,1,0,169,1
15,1,0,0,0,0,1,0,0,15,0
0,0,0,0,1,1,0,0,0,46,1
1,0,1,0,0,0,0,1,0,71,1
17,1,0,0,0,0,1,0,0,177,0
14,0,1,0,0,0,0,0,1,166,1
9,1,0,0,0,0,1,0,0,165,0
12,0,0,1,0,0,0,1,0,131,1
15,0,0,1,0,0,1,0,0,197,1
17,0,1,0,0,1,0,0,0,166,1
19,0,0,1,0,0,1,0,0,63,0
12,0,0,0,1,0,0,0,1,191,1
12,1,0,0,0,0,0,1,0,116,1
12,1,0,0,0,0,1,0,0,24,1
17,1,0,0,0,0,0,0,1,135,1
17,1,0,0,0,0,1,0,0,161,0
21,0,0,1,0,0,0,0,1,121,0
18,1,0,0,0,0,1,0,0,65,0
8,0,1,0,0,1,0,0,0,11,1
18,0,0,0,1,0,0,1,0,54,0
2,0,1,0,0,0,0,0,1,138,0
2,1,0,0,0,0,0,1,0,148,0
21,0,0,0,1,1,0,0,0,106,1
13,0,0,0,1,1,0,0,0,191,0
8,0,0,1,0,0,0,0,1,52,0
18,0,0,1,0,0,0,1,0,189,0
4,0,1,0,0,0,1,0,0,158,0
8,0,0,1,0,0,1,0,0,114,0
18,0,1,0,0,1,0,0,0,161,0
7,0,0,1,0,0,0,0,1,88,0
15,1,0,0,0,0,1,0,0,183,1
11,0,1,0,0,0,1,0,0,60,1
23,1,0,0,0,1,0,0,0,128,0
12,1,0,0,0,0,0,1,0,163,1
21,1,0,0,0,0,0,0,1,173,0
7,1,0,0,0,0,1,0,0,72,0
2,1,0,0,0,0,0,0,1,139,1
16,1,0,0,0,0,0,1,0,155,1
15,0,0,0,1,1,0,0,0,90,0
20,0,0,1,0,0,1,0,0,116,0
15,0,0,0,1,1,0,0,0,95,1
6,0,0,1,0,1,0,0,0,64,0
13,1,0,0,0,0,1,0,0,172,1
21,1,0,0,0,0,0,1,0,172,1
13,1,0,0,0,0,0,0,1,93,1
23,0,1,0,0,0,0,1,0,36,1
1,1,0,0,0,1,0,0,0,68,1
14,1,0,0,0,1,0,0,0,166,1
1,0,1,0,0,0,0,0,1,141,1
7,0,1,0,0,0,1,0,0,133,0
3,1,0,0,0,1,0,0,0,190,1
17,0,0,1,0,0,0,0,1,115,1
21,1,0,0,0,0,0,0,1,48,0
16,1,0,0,0,0,1,0,0,196,0
19,0,1,0,0,1,0,0,0,149,0
16,0,1,0,0,0,0,0,1,104,1
2,1,0,0,0,0,0,1,0,162,0
10,0,1,0,0,0,0,1,0,145,1
2,0,0,1,0,0,0,1,0,160,0
21,0,0,0,1,0,0,0,1,85,1
20,0,0,1,0,0,0,1,0,41,0
5,1,0,0,0,0,0,0,1,129,0
21,0,0,0,1,0,0,1,0,183,1
10,0,0,1,0,0,1,0,0,158,1
12,0,0,0,1,0,1,0,0,132,1
2,0,0,1,0,0,0,1,0,71,0
22,1,0,0,0,0,0,1,0,131,1
7,0,0,0,1,0,1,0,0,11,0
21,0,1,0,0,1,0,0,0,166,0
14,0,0,0,1,1,0,0,0,53,0
10,1,0,0,0,0,0,0,1,75,0
0,0,0,0,1,1,0,0,0,131,0
12,1,0,0,0,1,0,0,0,187,1
3,0,1,0,0,0,0,0,1,148,0
5,1,0,0,0,1,0,0,0,22,0
18,0,0,1,0,0,1,0,0,108,1
10,0,1,0,0,0,1,0,0,45,0
5,1,0,0,0,0,1,0,0,119,0
10,0,1,0,0,0,0,1,0,160,0
15,0,0,0,1,0,0,1,0,59,1
0,1,0,0,0,0,0,1,0,86,1
19,0,0,0,1,0,1,0,0,120,1
16,1,0,0,0,1,0,0,0,46,0
23,0,0,0,1,1,0,0,0,91,0
6,0,1,0,0,0,0,1,0,118,0
14,0,0,1,0,0,1,0,0,183,1
5,1,0,0,0,1,0,0,0,139,0
19,0,0,1,0,0,0,0,1,18,1
17,0,1,0,0,0,1,0,0,124,0
8,0,1,0,0,0,1,0,0,57,0
3,0,0,0,1,0,0,1,0,86,0
5,1,0,0,0,0,1,0,0,138,0
12,0,1,0,0,1,0,0,0,69,1
3,1,0,0,0,0,1,0,0,115,1
1,0,1,0,0,0,1,0,0,199,0
23,0,0,1,0,0,0,1,0,45,0
14,0,1,0,0,0,1,0,0,108,1
6,1,0,0,0,0,0,1,0,32,0
17,0,0,1,0,0,0,1,0,48,1
6,1,0,0,0,0,0,1,0,104,1
9,0,1,0,0,0,1,0,0,67,1
14,0,1,0,0,0,0,0,1,142,1
5,0,1,0,0,0,0,1,0,160,1
20,0,0,0,1,0,0,0,1,14,1
2,0,1,0,0,0,0,0,1,150,0
8,0,1,0,0,0,0,0,1,89,0
3,0,0,0,1,1,0,0,0,30,1
21,1,0,0,0,0,0,0,1,75,0
8,0,0,0,1,0,1,0,0,65,1
20,0,0,1,0,0,0,1,0,25,1
8,0,1,0,0,0,0,1,0,170,1
23,0,1,0,0,0,0,0,1,151,0
20,0,0,0,1,1,0,0,0,38,1
0,0,1,0,0,0,0,1,0,187,1
12,0,1,0,0,0,0,0,1,133,1
23,0,1,0,0,0,0,1,0,69,0
20,0,0,0,1,1,0,0,0,167,1
16,0,0,1,0,0,0,1,0,7,0
3,0,0,1,0,0,0,1,0,199,0
19,0,0,1,0,0,1,0,0,137,1
16,0,1,0,0,0,1,0,0,112,0
22,0,0,1,0,0,1,0,0,193,0
21,0,1,0,0,0,1,0,0,39,0
16,0,0,1,0,1,0,0,0,100,1
21,0,0,1,0,0,0,1,0,177,1
4,0,0,1,0,0,0,0,1,189,0
11,0,1,0,0,0,0,1,0,37,0
21,0,1,0,0,0,1,0,0,174,1
20,0,0,1,0,1,0,0,0,170,1
14,0,1,0,0,1,0,0,0,10,0
18,1,0,0,0,0,0,0,1,104,1
23,0,0,0,1,0,0,1,0,149,1
13,1,0,0,0,0,0,1,0,2,1
20,0,0,0,1,0,0,0,1,27,0
8,1,0,0,0,0,0,0,1,94,0
15,0,0,0,1,0,0,1,0,147,0
8,0,1,0,0,0,0,1,0,105,0
3,1,0,0,0,1,0,0,0,32,1
17,0,0,0,1,1,0,0,0,44,1
3,0,0,1,0,0,1,0,0,196,1
0,0,1,0,0,0,0,1,0,120,0
5,0,0,0,1,0,1,0,0,45,0
3,1,0,0,0,1,0,0,0,88,0
11,0,0,1,0,0,0,1,0,21,1
21,0,0,0,1,1,0,0,0,42,1
17,0,0,0,1,0,0,0,1,84,1
10,0,0,0,1,0,0,0,1,183,0
22,0,0,1,0,0,0,1,0,186,1
0,0,0,0,1,0,0,0,1,28,1
8,1,0,0,0,0,0,0,1,124,1
4,0,1,0,0,1,0,0,0,48,0
14,0,0,1,0,0,1,0,0,119,0
22,1,0,0,0,0,0,0,1,66,0
2,0,1,0,0,0,0,1,0,67,0
2,0,0,1,0,0,0,0,1,47,0
12,1,0,0,0,0,1,0,0,56,1
4,0,1,0,0,0,1,0,0,11,1
16,0,0,1,0,0,1,0,0,56,0
22,0,0,0,1,0,0,0,1,167,0
21,0,1,0,0,0,0,0,1,96,1
17,0,0,1,0,0,0,0,1,88,1
2,0,0,1,0,0,1,0,0,13,1
4,0,1,0,0,1,0,0,0,27,1
9,1,0,0,0,0,1,0,0,62,1
23,0,0,1,0,0,1,0,0,75,1
16,0,0,1,0,1,0,0,0,162,1
18,1,0,0,0,0,0,1,0,65,0
10,0,1,0,0,0,1,0,0,3,1
20,0,0,0,1,0,0,0,1,187,0
18,0,1,0,0,0,0,0,1,186,0
20,0,0,1,0,0,0,0,1,35,0
19,0,0,1,0,0,0,0,1,32,0
13,1,0,0,0,1,0,0,0,96,0
0,0,0,1,0,0,0,1,0,65,0
22,0,1,0,0,0,1,0,0,140,1
19,0,0,1,0,0,1,0,0,160,0
15,0,1,0,0,0,0,1,0,188,0
21,0,0,0,1,1,0,0,0,146,1
9,0,1,0,0,0,1,0,0,179,1
7,0,0,1,0,0,0,1,0,155,0
22,0,1,0,0,0,0,0,1,155,0
2,0,0,0,1,1,0,0,0,154,0
18,0,0,0,1,1,0,0,0,126,1
18,0,1,0,0,0,1,0,0,38,1
22,0,1,0,0,0,1,0,0,179,0
12,1,0,0,0,1,0,0,0,159,1
16,0,1,0,0,1,0,0,0,178,0
7,0,0,0,1,1,0,0,0,168,0
4,0,0,1,0,0,1,0,0,60,1
10,0,0,1,0,0,1,0,0,32,1
22,1,0,0,0,1,0,0,0,160,1
8,0,0,0,1,0,0,1,0,178,1
16,0,0,1,0,1,0,0,0,63,1
21,1,0,0,0,1,0,0,0,100,1
10,0,1,0,0,0,0,1,0,149,0
11,0,1,0,0,0,0,0,1,151,1
16,0,0,1,0,0,1,0,0,127,0
21,0,1,0,0,0,1,0,0,110,0
8,1,0,0,0,0,1,0,0,0,1
12,0,0,1,0,0,0,1,0,38,0
3,0,0,1,0,0,0,1,0,166,0
10,0,0,1,0,0,0,1,0,74,1
23,0,1,0,0,0,0,1,0,109,1
10,0,0,1,0,1,0,0,0,188,1
19,0,0,0,1,0,1,0,0,5,0
4,0,0,0,1,0,0,0,1,38,0
5,0,0,1,0,0,1,0,0,89,1
10,1,0,0,0,0,1,0,0,90,1
21,0,0,1,0,0,1,0,0,78,0
23,0,1,0,0,1,0,0,0,111,0
13,1,0,0,0,0,0,1,0,198,0
1,1,0,0,0,1,0,0,0,33,1
19,1,0,0,0,0,0,1,0,130,0
5,0,0,0,1,0,1,0,0,69,0
13,1,0,0,0,0,0,1,0,121,1
12,1,0,0,0,0,0,1,0,53,1
22,1,0,0,0,0,0,1,0,102,0
23,0,0,1,0,0,0,1,0,7,0
3,1,0,0,0,0,1,0,0,30,1
4,0,0,1,0,0,1,0,0,133,0
23,0,0,0,1,0,1,0,0,57,1
19,1,0,0,0,0,1,0,0,92,0
15,0,1,0,0,1,0,0,0,52,1
10,0,0,0,1,0,1,0,0,137,1
7,0,0,1,0,0,0,1,0,149,1
1,0,0,1,0,1,0,0,0,51,1
23,1,0,0,0,1,0,0,0,39,0
1,0,0,0,1,0,0,0,1,31,0
6,1,0,0,0,0,0,1,0,32,0
15,0,0,0,1,0,1,0,0,165,1
6,0,1,0,0,0,1,0,0,135,1
5,1,0,0,0,0,0,0,1,73,1
10,0,0,1,0,0,1,0,0,53,1
21,0,1,0,0,1,0,0,0,181,0
21,0,0,1,0,0,0,0,1,100,1
1,0,0,1,0,1,0,0,0,133,1
21,0,1,0,0,1,0,0,0,93,0
11,0,0,1,0,1,0,0,0,88,1
12,1,0,0,0,0,0,0,1,150,0
5,0,1,0,0,0,0,1,0,88,0
0,0,0,0,1,0,0,1,0,127,1
23,0,0,0,1,0,0,0,1,96,1
8,0,1,0,0,1,0,0,0,178,0
23,0,1,0,0,1,0,0,0,20,1
13,0,1,0,0,0,1,0,0,187,1
1,0,1,0,0,1,0,0,0,190,0
18,0,0,1,0,0,0,0,1,114,0
18,0,1,0,0,0,0,1,0,36,1
17,0,1,0,0,0,0,1,0,142,0
7,0,0,1,0,0,0,1,0,181,0
1,0,0,0,1,0,0,0,1,31,0
10,0,0,1,0,0,1,0,0,132,0
6,1,0,0,0,0,1,0,0,131,1
7,0,0,0,1,0,0,0,1,52,1
5,1,0,0,0,0,0,0,1,150,1
10,1,0,0,0,0,0,1,0,94,1
21,1,0,0,0,1,0,0,0,176,1
22,0,0,1,0,0,1,0,0,132,0
10,0,0,0,1,0,1,0,0,135,1
11,1,0,0,0,0,1,0,0,195,1
2,0,0,0,1,0,1,0,0,161,0
7,0,1,0,0,1,0,0,0,7,1
5,1,0,0,0,0,0,0,1,90,1
13,0,0,1,0,0,0,0,1,157,0
9,0,1,0,0,0,0,1,0,16,1
16,1,0,0,0,1,0,0,0,123,0
13,1,0,0,0,1,0,0,0,34,1
15,0,0,0,1,0,0,0,1,168,0
1,0,1,0,0,1,0,0,0,13,1
18,1,0,0,0,0,0,1,0,199,1
0,1,0,0,0,1,0,0,0,92,1
7,1,0,0,0,1,0,0,0,183,1
8,0,0,1,0,1,0,0,0,133,1
21,0,1,0,0,0,1,0,0,112,0
4,1,0,0,0,1,0,0,0,128,0
15,1,0,0,0,1,0,0,0,174,0
1,0,1,0,0,0,0,0,1,186,0
7,0,0,0,1,0,0,1,0,122,0
10,1,0,0,0,0,0,1,0,80,0
10,0,0,1,0,0,0,0,1,26,1
17,0,0,0,1,0,0,0,1,91,1
10,0,1,0,0,1,0,0,0,12,1
9,1,0,0,0,0,0,1,0,18,0
8,0,1,0,0,0,0,0,1,181,0
20,0,1,0,0,0,0,1,0,157,1
18,0,1,0,0,0,0,0,1,163,1
17,0,1,0,0,0,0,1,0,133,1
18,0,0,0,1,1,0,0,0,165,1
23,0,0,1,0,0,1,0,0,99,1
4,0,0,0,1,0,0,1,0,126,0
3,0,0,1,0,0,0,1,0,159,0
11,0,0,0,1,1,0,0,0,20,1
6,0,1,0,0,0,1,0,0,151,0
4,1,0,0,0,0,1,0,0,159,1
23,0,0,1,0,0,1,0,0,115,1
17,1,0,0,0,0,0,0,1,2,1
2,0,1,0,0,0,0,0,1,82,0
20,0,0,1,0,1,0,0,0,191,1
2,0,0,0,1,1,0,0,0,66,0
20,0,0,1,0,0,0,1,0,103,0
2,0,0,1,0,0,0,1,0,34,0
6,1,0,0,0,0,1,0,0,71,0
6,1,0,0,0,0,0,0,1,191,0
21,1,0,0,0,1,0,0,0,187,0
17,0,1,0,0,0,0,1,0,110,1
19,0,0,1,0,0,0,0,1,92,1
2,1,0,0,0,0,0,0,1,147,1
20,0,0,0,1,1,0,0,0,23,1
7,0,1,0,0,0,0,1,0,35,0
15,1,0,0,0,0,1,0,0,118,0
3,0,0,0,1,0,1,0,0,11,1
17,0,0,0,1,0,0,1,0,163,0
23,0,1,0,0,0,0,1,0,24,0
0,1,0,0,0,0,1,0,0,85,0
6,0,0,0,1,1,0,0,0,53,0
13,0,0,0,1,0,0,1,0,46,1
3,1,0,0,0,0,0,1,0,108,0
4,1,0,0,0,0,1,0,0,78,1
15,1,0,0,0,1,0,0,0,21,1
6,0,0,0,1,0,1,0,0,114,1
19,1,0,0,0,1,0,0,0,78,0
12,0,1,0,0,0,0,0,1,32,0
7,0,0,0,1,0,0,1,0,47,0
21,0,0,1,0,0,0,1,0,89,0
0,0,0,1,0,0,0,1,0,30,0
18,0,0,0,1,1,0,0,0,140,1
11,0,0,0,1,0,0,1,0,77,0
23,0,0,1,0,1,0,0,0,103,1
1,0,0,0,1,1,0,0,0,120,0
23,1,0,0,0,1,0,0,0,166,1
4,0,1,0,0,0,0,0,1,89,0
4,0,0,1,0,1,0,0,0,120,0
2,1,0,0,0,0,0,1,0,67,0
5,0,0,1,0,0,0,0,1,113,0
9,1,0,0,0,1,0,0,0,116,1
3,0,0,1,0,0,1,0,0,65,0
3,0,0,0,1,0,0,1,0,110,0
3,0,0,1,0,0,0,1,0,100,1
19,0,1,0,0,0,0,1,0,8,1
22,0,0,0,1,0,0,1,0,82,0
3,0,0,0,1,0,0,0,1,46,1
6,1,0,0,0,0,0,0,1,115,0
10,0,0,0,1,1,0,0,0,163,0
6,0,0,0,1,0,0,1,0,0,0
23,0,0,1,0,0,0,1,0,148,0
4,1,0,0,0,0,0,1,0,177,0
15,1,0,0,0,1,0,0,0,3,1
21,0,0,0,1,0,0,1,0,134,0
17,0,0,1,0,0,1,0,0,159,1
7,1,0,0,0,0,0,1,0,134,0
6,0,0,1,0,0,1,0,0,142,1
5,1,0,0,0,1,0,0,0,194,1
8,1,0,0,0,1,0,0,0,25,0
2,0,0,0,1,1,0,0,0,80,1
16,0,0,1,0,0,1,0,0,113,1
13,0,0,1,0,1,0,0,0,187,0
12,0,0,1,0,0,1,0,0,101,1
2,1,0,0,0,0,0,0,1,50,0
18,0,0,0,1,0,0,1,0,77,0
5,0,0,0,1,0,0,0,1,178,0
10,0,1,0,0,1,0,0,0,2,1
13,1,0,0,0,0,0,0,1,156,0
15,0,0,1,0,1,0,0,0,116,0
14,0,0,1,0,0,1,0,0,194,1
13,0,1,0,0,1,0,0,0,47,0
15,0,1,0,0,0,0,0,1,101,0
4,0,1,0,0,1,0,0,0,115,1
7,0,0,1,0,0,0,0,1,149,0
14,0,0,1,0,1,0,0,0,102,1
15,0,1,0,0,0,0,0,1,154,0
9,0,0,0,1,0,0,0,1,182,0
8,0,0,0,1,1,0,0,0,51,1
7,0,0,0,1,0,1,0,0,38,0
5,0,0,0,1,0,1,0,0,169,0
18,0,1,0,0,0,0,0,1,93,0
23,1,0,0,0,1,0,0,0,52,1
21,1,0,0,0,0,0,0,1,15,1
14,1,0,0,0,0,0,1,0,82,0
7,0,0,1,0,0,1,0,0,109,0
10,0,1,0,0,0,1,0,0,116,0
7,1,0,0,0,0,0,0,1,0,1
17,0,0,1,0,0,0,1,0,162,1
12,0,0,1,0,0,0,1,0,28,0
23,0,0,1,0,1,0,0,0,150,1
19,0,1,0,0,0,0,1,0,68,1
8,1,0,0,0,0,0,1,0,151,1
19,1,0,0,0,0,0,0,1,36,0
5,1,0,0,0,0,1,0,0,163,0
9,0,1,0,0,0,1,0,0,101,1
5,0,0,1,0,0,0,1,0,81,1
0,1,0,0,0,0,0,1,0,51,1
21,0,0,0,1,0,0,1,0,143,0
8,1,0,0,0,0,1,0,0,66,1
2,0,0,0,1,1,0,0,0,71,0
10,0,0,1,0,0,0,0,1,52,1
6,0,0,1,0,0,1,0,0,147,0
14,1,0,0,0,0,0,0,1,81,1
6,0,1,0,0,0,0,0,1,143,1
20,0,0,0,1,0,1,0,0,15,0
5,0,1,0,0,0,0,1,0,168,1
14,1,0,0,0,1,0,0,0,88,1
18,1,0,0,0,1,0,0,0,51,1
12,0,0,0,1,0,0,0,1,0,1
22,1,0,0,0,0,0,1,0,89,1
16,0,0,0,1,1,0,0,0,156,1
21,1,0,0,0,0,0,0,1,57,1
13,0,0,1,0,0,0,0,1,90,1
5,0,0,0,1,0,0,1,0,180,1
9,1,0,0,0,0,0,1,0,81,0
1,0,0,1,0,0,0,1,0,118,1
2,0,1,0,0,0,0,1,0,126,0
5,1,0,0,0,0,0,0,1,61,1
5,0,0,1,0,1,0,0,0,160,1
4,0,0,1,0,1,0,0,0,15,0
5,0,0,0,1,0,0,1,0,81,1
9,0,1,0,0,0,0,0,1,159,1
9,0,0,1,0,0,1,0,0,170,0
6,0,1,0,0,1,0,0,0,14,1
20,0,0,1,0,1,0,0,0,66,0
19,0,1,0,0,0,0,0,1,15,1
2,1,0,0,0,1,0,0,0,185,1
11,0,0,0,1,1,0,0,0,35,0
4,0,0,1,0,0,0,1,0,187,1
19,0,0,1,0,1,0,0,0,104,0
8,0,0,0,1,0,0,0,1,109,1
11,1,0,0,0,0,0,1,0,11,1
5,1,0,0,0,0,0,0,1,74,0
17,0,0,1,0,0,0,0,1,197,1
6,1,0,0,0,1,0,0,0,114,0
1,0,0,1,0,0,0,1,0,142,0
20,0,0,0,1,0,0,1,0,171,1
7,0,1,0,0,0,1,0,0,80,1
23,0,0,1,0,0,1,0,0,6,0
7,1,0,0,0,0,1,0,0,183,1
11,0,0,1,0,0,0,0,1,40,0
0,0,1,0,0,1,0,0,0,65,0
15,0,0,1,0,1,0,0,0,81,0
1,0,1,0,0,1,0,0,0,13,1
6,0,0,1,0,0,0,0,1,3,0
18,0,0,0,1,0,0,0,1,104,1
22,0,0,0,1,0,0,0,1,0,0
6,0,0,0,1,0,1,0,0,133,0
6,0,0,0,1,0,1,0,0,6,1
19,0,1,0,0,0,1,0,0,165,0
21,0,1,0,0,0,0,0,1,165,0
17,1,0,0,0,0,0,0,1,31,0
11,1,0,0,0,0,0,0,1,169,1
9,1,0,0,0,0,0,1,0,76,1
1,1,0,0,0,0,0,1,0,100,0
22,0,0,0,1,0,0,0,1,44,0
12,1,0,0,0,0,0,1,0,189,1
3,1,0,0,0,1,0,0,0,82,0
20,0,0,0,1,0,0,0,1,110,0
14,0,1,0,0,0,0,0,1,102,1
14,0,0,0,1,0,0,0,1,22,1
12,1,0,0,0,0,0,1,0,168,0
16,0,1,0,0,0,0,0,1,170,1
3,1,0,0,0,0,1,0,0,168,1
4,0,1,0,0,0,0,1,0,79,1
19,0,0,0,1,0,1,0,0,196,0
13,1,0,0,0,0,0,0,1,107,0
21,0,0,1,0,0,0,1,0,59,1
21,0,1,0,0,0,0,0,1,181,1
16,1,0,0,0,0,0,1,0,152,1
4,0,0,0,1,0,0,1,0,4,0
10,1,0,0,0,0,0,0,1,89,1
20,0,0,1,0,0,0,1,0,82,1
17,0,0,1,0,0,0,0,1,68,1
21,0,0,1,0,1,0,0,0,155,1
5,1,0,0,0,0,0,1,0,34,0
23,0,0,0,1,0,1,0,0,148,0
21,0,0,0,1,1,0,0,0,12,1
7,0,1,0,0,0,1,0,0,34,1
5,0,1,0,0,0,0,1,0,135,1
19,0,1,0,0,0,1,0,0,125,1
22,1,0,0,0,0,0,1,0,4,1
1,0,1,0,0,0,1,0,0,76,1
7,1,0,0,0,1,0,0,0,46,1
3,1,0,0,0,0,0,1,0,197,0
12,0,0,1,0,0,0,1,0,98,0
8,0,0,0,1,1,0,0,0,197,1
10,0,1,0,0,1,0,0,0,8,1
19,1,0,0,0,0,0,0,1,188,0
9,1,0,0,0,1,0,0,0,91,1
19,0,1,0,0,0,1,0,0,120,1
5,1,0,0,0,0,0,0,1,27,1
1,0,0,0,1,0,1,0,0,159,1
1,1,0,0,0,0,0,1,0,159,1
19,0,0,0,1,1,0,0,0,15,0
4,0,0,0,1,0,0,0,1,56,0
5,1,0,0,0,0,1,0,0,50,1
4,0,0,1,0,0,0,1,0,111,1
3,0,0,0,1,1,0,0,0,24,0
1,0,0,0,1,0,0,0,1,10,0
16,1,0,0,0,1,0,0,0,181,1
0,0,0,0,1,1,0,0,0,86,1
12,1,0,0,0,0,0,0,1,121,0
2,0,0,0,1,1,0,0,0,87,0
7,0,1,0,0,0,0,0,1,45,1
3,0,0,0,1,0,1,0,0,96,1
14,0,1,0,0,1,0,0,0,91,1
5,0,0,1,0,0,0,1,0,43,0
10,0,0,1,0,0,0,1,0,79,1
9,0,0,1,0,0,0,0,1,0,1
16,0,0,1,0,0,0,0,1,47,1
10,0,0,0,1,1,0,0,0,55,1
0,0,0,0,1,0,1,0,0,131,0
1,0,0,1,0,0,0,0,1,132,0
3,1,0,0,0,1,0,0,0,178,1
7,0,0,1,0,0,1,0,0,122,0
16,0,0,1,0,1,0,0,0,128,1
4,1,0,0,0,1,0,0,0,52,1
3,0,1,0,0,0,0,1,0,140,1
19,0,0,1,0,0,0,1,0,171,1
3,1,0,0,0,0,1,0,0,133,1
9,0,0,1,0,0,0,0,1,15,1
11,1,0,0,0,1,0,0,0,80,1
21,0,0,1,0,0,0,1,0,78,1
16,0,1,0,0,0,1,0,0,48,1
11,1,0,0,0,0,0,1,0,93,1
4,0,0,1,0,0,1,0,0,35,0
21,0,0,0,1,1,0,0,0,158,0
22,0,0,1,0,0,0,1,0,28,0
19,0,0,1,0,0,0,0,1,8,0
17,0,0,0,1,0,0,0,1,167,1
8,1,0,0,0,0,0,0,1,86,1
7,0,0,1,0,0,1,0,0,96,0
14,0,1,0,0,0,0,0,1,180,0
12,0,1,0,0,1,0,0,0,4,1
20,1,0,0,0,0,1,0,0,53,0
7,0,0,1,0,0,1,0,0,104,0
8,0,0,1,0,0,0,0,1,195,0
20,0,1,0,0,0,0,1,0,67,1
22,0,0,0,1,0,0,1,0,6,1
17,0,0,0,1,1,0,0,0,193,0
2,1,0,0,0,0,0,0,1,195,1
21,0,0,1,0,0,0,1,0,118,0
18,0,0,0,1,1,0,0,0,128,0
4,0,0,0,1,0,0,0,1,45,1
21,0,1,0,0,0,1,0,0,123,1
21,0,0,1,0,1,0,0,0,159,1
7,0,0,0,1,0,1,0,0,143,1
0,0,1,0,0,0,0,1,0,129,0
19,1,0,0,0,0,0,0,1,155,0
11,0,1,0,0,0,0,0,1,25,0
11,1,0,0,0,1,0,0,0,66,0
16,0,0,0,1,0,1,0,0,34,0
5,0,0,1,0,0,0,0,1,101,1
4,1,0,0,0,1,0,0,0,185,0
22,0,0,1,0,0,0,1,0,62,0
20,1,0,0,0,0,1,0,0,85,1
1,1,0,0,0,0,0,0,1,21,1
15,1,0,0,0,0,1,0,0,171,0
16,1,0,0,0,0,0,0,1,8,1
14,0,0,0,1,1,0,0,0,70,0
10,0,0,0,1,1,0,0,0,138,0
22,0,1,0,0,0,1,0,0,135,0
13,0,1,0,0,0,0,0,1,170,0
10,1,0,0,0,1,0,0,0,67,0
2,1,0,0,0,0,1,0,0,185,0
15,0,0,1,0,0,0,0,1,105,1
12,0,0,0,1,1,0,0,0,1,1
8,0,1,0,0,0,0,0,1,82,1
1,0,0,1,0,0,0,1,0,91,1
20,0,0,0,1,0,0,0,1,47,0
1,1,0,0,0,0,0,1,0,47,0
6,1,0,0,0,0,0,1,0,129,0
3,1,0,0,0,1,0,0,0,94,1
5,0,1,0,0,0,0,0,1,199,1
0,0,0,0,1,0,0,1,0,111,0
22,0,1,0,0,1,0,0,0,18,0
23,0,0,0,1,1,0,0,0,18,0
21,0,1,0,0,1,0,0,0,53,1
19,0,0,0,1,0,1,0,0,97,1
14,0,0,0,1,1,0,0,0,91,0
23,0,1,0,0,0,0,0,1,171,1
1,0,0,1,0,0,0,1,0,187,1
0,0,0,1,0,0,1,0,0,60,1
8,0,0,0,1,0,0,1,0,94,1
2,0,0,1,0,0,1,0,0,190,1
7,0,0,1,0,0,1,0,0,17,0
15,0,0,0,1,1,0,0,0,116,0
15,0,0,1,0,0,1,0,0,16,0
15,0,1,0,0,0,0,1,0,137,1
4,0,0,1,0,0,0,0,1,21,1
12,1,0,0,0,0,0,0,1,105,1
16,0,0,0,1,0,0,0,1,108,1
18,0,0,1,0,1,0,0,0,118,0
14,0,0,1,0,0,0,0,1,63,0
17,1,0,0,0,1,0,0,0,23,0
4,0,0,0,1,1,0,0,0,66,0
4,1,0,0,0,0,0,1,0,79,1
1,0,0,0,1,1,0,0,0,91,1
23,1,0,0,0,0,0,1,0,45,0
5,1,0,0,0,1,0,0,0,127,0
18,0,0,0,1,0,0,1,0,179,1
0,0,0,1,0,0,0,1,0,67,0
10,0,1,0,0,1,0,0,0,89,0
11,1,0,0,0,0,1,0,0,151,1
20,0,0,0,1,0,1,0,0,28,0
4,0,0,1,0,0,1,0,0,2,0
8,0,0,1,0,0,0,0,1,130,1
21,0,1,0,0,0,0,0,1,125,0
1,0,0,1,0,0,1,0,0,177,0
15,0,0,0,1,0,0,1,0,90,0
12,0,0,0,1,0,1,0,0,99,0
5,1,0,0,0,0,1,0,0,48,1
10,0,0,0,1,0,0,0,1,181,0
6,0,1,0,0,0,0,1,0,154,0
9,1,0,0,0,0,0,1,0,121,0
0,0,1,0,0,1,0,0,0,127,0
10,0,1,0,0,1,0,0,0,106,1
21,0,1,0,0,1,0,0,0,155,1
0,0,0,0,1,0,1,0,0,87,1
18,0,0,0,1,1,0,0,0,40,1
6,0,1,0,0,0,1,0,0,17,0
17,0,0,0,1,0,0,0,1,86,1
5,1,0,0,0,0,0,0,1,19,1
4,0,0,0,1,0,0,0,1,108,1
11,0,1,0,0,0,0,1,0,196,0
22,0,1,0,0,0,1,0,0,82,0
9,0,0,1,0,0,0,0,1,44,0
23,0,0,1,0,0,0,1,0,91,0
11,0,0,1,0,0,1,0,0,148,0
23,0,1,0,0,0,0,0,1,101,0
4,0,0,0,1,0,1,0,0,168,1
10,1,0,0,0,1,0,0,0,158,1
6,0,0,0,1,0,1,0,0,108,1
21,0,0,1,0,0,1,0,0,38,1
20,0,0,0,1,0,1,0,0,77,0
23,1,0,0,0,1,0,0,0,124,0
0,1,0,0,0,0,1,0,0,71,0
19,0,0,1,0,1,0,0,0,171,0
4,1,0,0,0,0,0,0,1,83,1
21,0,0,1,0,0,0,0,1,44,1
21,1,0,0,0,0,0,0,1,169,0
0,1,0,0,0,0,1,0,0,7,0
5,0,1,0,0,1,0,0,0,0,0
11,0,1,0,0,0,0,0,1,98,1
2,0,0,1,0,1,0,0,0,189,1
6,0,0,1,0,1,0,0,0,192,0
17,0,1,0,0,0,0,1,0,65,1
23,0,1,0,0,0,0,1,0,142,1
5,1,0,0,0,0,1,0,0,82,0
19,0,1,0,0,1,0,0,0,57,1
1,0,0,1,0,1,0,0,0,65,0
6,1,0,0,0,1,0,0,0,23,1
21,0,1,0,0,0,0,0,1,180,1
8,0,1,0,0,1,0,0,0,84,1
20,0,0,1,0,0,0,1,0,116,1
13,0,0,0,1,0,0,0,1,5,0
8,0,0,1,0,0,0,1,0,135,0
18,1,0,0,0,0,0,1,0,185,0
2,0,1,0,0,0,1,0,0,115,0
17,0,1,0,0,0,1,0,0,120,0
10,0,0,1,0,1,0,0,0,68,0
20,0,1,0,0,0,0,1,0,3,1
4,1,0,0,0,0,1,0,0,54,1
5,0,0,0,1,0,1,0,0,149,0
3,0,0,1,0,0,0,1,0,31,0
6,0,0,0,1,0,1,0,0,6,0
18,0,0,1,0,0,1,0,0,11,1
14,0,0,1,0,1,0,0,0,183,1
3,1,0,0,0,0,0,0,1,91,1
1,0,0,0,1,0,1,0,0,183,1
15,0,0,1,0,0,0,0,1,106,0
14,0,0,1,0,0,0,1,0,134,1
2,0,0,1,0,0,0,1,0,182,0
9,1,0,0,0,1,0,0,0,69,0
11,0,1,0,0,0,0,0,1,108,0
23,0,0,1,0,1,0,0,0,3,1
3,0,1,0,0,0,0,1,0,143,1
22,0,0,1,0,0,0,1,0,47,1
15,0,0,1,0,0,1,0,0,166,1
18,0,1,0,0,0,0,0,1,10,0
6,0,0,1,0,0,1,0,0,190,1
8,0,0,0,1,0,1,0,0,131,1
17,1,0,0,0,0,1,0,0,160,1
5,0,0,0,1,1,0,0,0,122,0
5,0,1,0,0,0,0,0,1,103,1
7,0,0,0,1,0,0,1,0,42,1
19,0,1,0,0,0,1,0,0,116,0
6,0,0,1,0,0,1,0,0,85,0
13,1,0,0,0,0,0,1,0,125,1
5,1,0,0,0,0,0,1,0,70,1
19,0,0,1,0,0,1,0,0,16,0
18,1,0,0,0,0,0,0,1,34,1
2,1,0,0,0,1,0,0,0,122,0
16,0,0,1,0,0,0,0,1,125,0
9,0,1,0,0,0,0,1,0,9,0
21,0,0,0,1,0,1,0,0,100,0
1,0,0,1,0,0,1,0,0,22,1
13,1,0,0,0,0,0,0,1,175,1
10,1,0,0,0,0,1,0,0,44,1
19,1,0,0,0,0,0,1,0,164,0
5,0,0,0,1,0,1,0,0,7,0
5,0,0,0,1,1,0,0,0,177,1
9,1,0,0,0,0,0,1,0,57,1
0,0,0,1,0,0,0,1,0,47,0
21,0,0,0,1,1,0,0,0,101,0
23,0,0,0,1,0,0,0,1,168,1
2,0,1,0,0,0,1,0,0,105,1
12,1,0,0,0,1,0,0,0,118,1
4,1,0,0,0,0,1,0,0,161,0
18,1,0,0,0,0,0,1,0,88,1
21,0,0,1,0,0,0,1,0,187,1
11,0,1,0,0,0,0,0,1,133,0
0,0,0,0,1,0,0,0,1,33,1
18,1,0,0,0,0,0,0,1,17,0
12,0,0,0,1,1,0,0,0,114,1
19,1,0,0,0,0,0,1,0,106,1
18,0,0,0,1,1,0,0,0,161,0
4,0,0,0,1,0,0,1,0,142,0
18,0,1,0,0,0,0,0,1,106,1
19,0,0,0,1,1,0,0,0,12,1
8,1,0,0,0,0,0,0,1,193,1
6,0,0,0,1,0,0,0,1,74,1
4,0,1,0,0,0,1,0,0,156,0
21,1,0,0,0,1,0,0,0,170,0
0,1,0,0,0,0,0,0,1,29,0
4,0,0,0,1,0,0,1,0,66,0
12,0,0,1,0,0,1,0,0,167,1
23,0,0,0,1,1,0,0,0,165,1
4,0,0,1,0,0,1,0,0,51,0
2,0,0,1,0,1,0,0,0,91,1
5,0,0,0,1,1,0,0,0,111,0
1,1,0,0,0,0,1,0,0,129,1
9,1,0,0,0,1,0,0,0,90,0
4,0,0,0,1,0,1,0,0,172,1
14,0,1,0,0,1,0,0,0,165,1
19,0,1,0,0,1,0,0,0,160,1
4,0,0,1,0,0,0,0,1,15,1
16,0,0,0,1,1,0,0,0,83,0
23,1,0,0,0,0,0,0,1,73,0
14,0,0,1,0,0,0,0,1,37,0
18,0,0,1,0,0,0,0,1,152,1
17,0,0,1,0,1,0,0,0,17,0
1,1,0,0,0,0,1,0,0,55,1
15,0,1,0,0,1,0,0,0,45,1
6,0,0,1,0,0,0,0,1,34,0
3,0,1,0,0,1,0,0,0,113,1
11,0,0,0,1,0,0,1,0,197,0
8,1,0,0,0,0,1,0,0,137,0
8,1,0,0,0,1,0,0,0,198,1
18,1,0,0,0,1,0,0,0,48,0
7,0,0,1,0,1,0,0,0,171,0
22,0,0,0,1,0,1,0,0,40,1
14,0,0,0,1,0,0,0,1,41,0
22,0,0,0,1,0,0,1,0,190,1
18,0,0,1,0,0,0,1,0,142,1
7,0,0,0,1,0,1,0,0,90,1
3,0,0,0,1,1,0,0,0,29,0
0,0,1,0,0,1,0,0,0,197,0
15,1,0,0,0,0,0,1,0,115,1
20,0,0,1,0,0,0,0,1,191,0
11,0,1,0,0,1,0,0,0,196,1
3,0,0,1,0,0,0,0,1,35,0
2,0,0,0,1,0,1,0,0,172,0
3,0,0,1,0,1,0,0,0,136,0
3,0,1,0,0,0,0,0,1,170,1
10,1,0,0,0,0,0,0,1,99,1
7,1,0,0,0,0,0,1,0,48,0
4,0,0,0,1,0,0,1,0,72,1
12,0,0,0,1,1,0,0,0,69,1
16,0,0,1,0,0,1,0,0,171,0
14,0,0,0,1,0,0,1,0,63,1
4,0,0,1,0,1,0,0,0,166,1
10,0,0,1,0,0,0,0,1,61,0
8,0,0,0,1,0,1,0,0,53,1
11,0,0,0,1,1,0,0,0,170,1
4,0,1,0,0,0,0,0,1,136,0
12,0,0,1,0,0,0,1,0,144,1
19,1,0,0,0,0,0,1,0,14,0
14,0,0,0,1,0,0,1,0,120,0
22,1,0,0,0,0,1,0,0,10,0
7,0,1,0,0,0,1,0,0,67,0
14,0,1,0,0,1,0,0,0,61,0
17,0,0,1,0,0,0,1,0,69,1
10,0,0,0,1,1,0,0,0,179,0
17,0,1,0,0,0,0,0,1,171,1
12,0,0,1,0,0,1,0,0,161,0
10,0,1,0,0,0,0,1,0,104,1
17,0,0,1,0,0,1,0,0,189,1
2,0,0,1,0,0,0,0,1,8,0
16,0,0,1,0,1,0,0,0,129,0
9,1,0,0,0,0,0,1,0,1,0
22,0,1,0,0,1,0,0,0,1,1
13,0,0,1,0,0,0,1,0,25,1
0,0,1,0,0,1,0,0,0,44,1
13,0,0,0,1,0,0,1,0,82,0
4,0,0,0,1,0,1,0,0,103,0
9,1,0,0,0,1,0,0,0,108,0
2,1,0,0,0,1,0,0,0,7,1
13,0,0,1,0,1,0,0,0,113,1
7,0,0,1,0,0,0,0,1,48,1
2,0,1,0,0,1,0,0,0,133,0
9,0,1,0,0,1,0,0,0,53,1
3,0,0,1,0,1,0,0,0,108,0
13,0,1,0,0,1,0,0,0,53,0
21,1,0,0,0,1,0,0,0,94,1
22,1,0,0,0,0,1,0,0,14,1
15,0,1,0,0,0,1,0,0,56,1
10,1,0,0,0,0,0,0,1,188,0
16,0,0,0,1,1,0,0,0,20,0
10,0,0,1,0,0,0,0,1,88,0
10,0,1,0,0,1,0,0,0,181,0
16,1,0,0,0,0,0,1,0,169,1
22,0,0,1,0,0,0,0,1,118,0
6,0,0,1,0,1,0,0,0,166,0
0,1,0,0,0,0,0,1,0,124,0
1,1,0,0,0,0,0,0,1,147,1
14,0,0,1,0,0,0,1,0,27,1
4,0,1,0,0,1,0,0,0,162,0
20,1,0,0,0,1,0,0,0,175,0
20,1,0,0,0,0,1,0,0,157,0
2,0,0,1,0,0,0,1,0,125,0
18,0,0,1,0,0,1,0,0,110,0
11,0,0,0,1,0,1,0,0,143,1
5,0,0,1,0,0,0,1,0,6,1
9,0,1,0,0,0,0,0,1,90,0
12,0,1,0,0,0,0,0,1,118,1
7,0,0,0,1,0,0,0,1,32,0
1,1,0,0,0,0,0,0,1,85,0
1,0,0,1,0,0,0,0,1,79,0
12,0,0,1,0,0,0,1,0,128,1
17,0,0,0,1,0,1,0,0,154,0
18,0,1,0,0,0,1,0,0,122,0
6,0,0,0,1,0,0,0,1,38,0
11,1,0,0,0,0,0,1,0,100,1
4,0,1,0,0,0,0,0,1,79,0
11,1,0,0,0,0,1,0,0,88,1
20,1,0,0,0,0,0,0,1,8,1
4,0,0,1,0,0,0,0,1,38,1
0,0,1,0,0,0,1,0,0,55,1
2,0,1,0,0,1,0,0,0,181,0
12,0,0,0,1,0,0,1,0,181,0
5,1,0,0,0,0,0,0,1,21,1
10,1,0,0,0,0,1,0,0,143,1
13,0,0,1,0,1,0,0,0,120,1
22,0,0,1,0,0,1,0,0,124,1
17,0,0,1,0,0,0,1,0,18,0
8,0,0,1,0,1,0,0,0,149,1
20,1,0,0,0,1,0,0,0,45,1
21,1,0,0,0,0,0,1,0,155,1
10,0,0,1,0,0,1,0,0,166,1
8,0,0,0,1,1,0,0,0,30,1
21,0,1,0,0,0,0,0,1,29,1
11,0,0,0,1,0,0,1,0,146,1
12,0,1,0,0,0,0,1,0,128,0
21,1,0,0,0,1,0,0,0,36,1
21,0,0,0,1,0,0,1,0,71,1
0,0,1,0,0,0,0,1,0,75,1
20,1,0,0,0,0,0,1,0,103,0
2,0,0,0,1,0,0,0,1,13,0
2,0,1,0,0,0,0,1,0,114,0
23,1,0,0,0,0,1,0,0,170,1
18,0,1,0,0,0,1,0,0,89,0
19,0,0,0,1,0,0,0,1,94,0
1,0,0,1,0,0,0,0,1,155,0
9,0,1,0,0,1,0,0,0,5,1
2,0,0,1,0,0,0,0,1,74,1
4,0,0,1,0,1,0,0,0,196,1
22,1,0,0,0,1,0,0,0,48,1
19,1,0,0,0,0,0,0,1,17,1
16,0,0,0,1,0,1,0,0,125,1
12,0,0,1,0,0,0,1,0,126,0
8,0,0,0,1,0,1,0,0,156,1
1,0,0,1,0,0,0,0,1,180,1
3,1,0,0,0,0,1,0,0,156,0
1,0,0,0,1,0,1,0,0,183,1
23,1,0,0,0,0,0,0,1,23,1
22,1,0,0,0,0,0,0,1,51,0
9,0,0,1,0,0,1,0,0,146,1
2,0,1,0,0,0,0,0,1,39,1
0,0,1,0,0,0,1,0,0,0,1
20,0,0,1,0,0,1,0,0,178,0
16,1,0,0,0,0,1,0,0,15,1
18,1,0,0,0,0,0,1,0,21,1
10,0,1,0,0,1,0,0,0,159,0
22,0,1,0,0,0,0,1,0,144,0
20,1,0,0,0,0,0,0,1,99,1
10,0,1,0,0,0,0,0,1,86,0
17,0,0,1,0,0,0,1,0,21,0
2,1,0,0,0,0,1,0,0,155,0
18,0,0,1,0,0,0,0,1,178,0
13,0,1,0,0,1,0,0,0,94,1
6,0,0,1,0,0,0,0,1,169,1
21,0,0,1,0,0,1,0,0,194,1
12,1,0,0,0,0,1,0,0,165,1
2,0,1,0,0,0,1,0,0,37,0
1,0,0,0,1,0,1,0,0,133,1
20,0,0,0,1,0,0,0,1,19,0
17,1,0,0,0,0,0,1,0,116,1
22,0,0,1,0,1,0,0,0,121,1
12,0,0,1,0,0,1,0,0,56,0
14,1,0,0,0,0,1,0,0,71,1
7,0,0,0,1,1,0,0,0,160,1
13,0,0,1,0,1,0,0,0,90,0
23,0,0,1,0,0,0,0,1,93,0
22,1,0,0,0,0,1,0,0,93,1
10,0,0,0,1,1,0,0,0,49,0
6,0,1,0,0,0,1,0,0,0,1
23,0,0,0,1,0,1,0,0,98,0
5,0,1,0,0,0,0,1,0,188,1
6,0,0,0,1,0,0,0,1,54,1
2,0,1,0,0,0,0,1,0,0,0
3,0,1,0,0,0,0,0,1,133,1
19,0,0,0,1,0,1,0,0,30,0
1,0,0,1,0,0,1,0,0,90,1
4,0,0,1,0,0,1,0,0,33,1
6,1,0,0,0,0,1,0,0,53,0
17,0,0,1,0,1,0,0,0,179,0
12,1,0,0,0,0,1,0,0,78,0
6,0,1,0,0,1,0,0,0,144,0
7,0,1,0,0,0,0,1,0,158,1
2,0,0,0,1,1,0,0,0,52,0
3,0,0,1,0,0,0,0,1,38,1
3,0,1,0,0,0,0,0,1,43,0
14,0,1,0,0,0,0,1,0,186,0
18,1,0,0,0,1,0,0,0,80,0
16,1,0,0,0,1,0,0,0,12,1
12,0,0,0,1,0,0,1,0,183,0
3,1,0,0,0,1,0,0,0,66,1
6,1,0,0,0,0,0,1,0,112,0
23,0,0,1,0,0,1,0,0,94,0
7,1,0,0,0,0,1,0,0,167,1
20,0,0,0,1,0,0,1,0,137,0
6,1,0,0,0,1,0,0,0,64,1
10,0,0,1,0,1,0,0,0,102,1
8,0,0,1,0,1,0,0,0,83,0
6,0,0,1,0,0,0,1,0,21,1
22,1,0,0,0,0,0,1,0,104,1
22,1,0,0,0,0,0,1,0,15,1
6,0,0,1,0,0,0,1,0,195,0
16,0,0,0,1,0,1,0,0,185,0
14,1,0,0,0,0,1,0,0,126,1
19,1,0,0,0,1,0,0,0,31,1
7,0,0,0,1,0,0,1,0,116,1
23,0,1,0,0,0,0,0,1,186,1
7,1,0,0,0,0,0,0,1,185,0
13,0,0,1,0,1,0,0,0,69,1
11,0,1,0,0,1,0,0,0,25,0
20,0,1,0,0,0,0,1,0,98,1
9,0,1,0,0,0,0,1,0,87,0
7,0,1,0,0,1,0,0,0,65,0
9,0,0,0,1,0,0,0,1,120,0
1,0,0,1,0,0,0,1,0,96,1
15,0,1,0,0,0,1,0,0,56,1
9,0,1,0,0,0,1,0,0,170,1
19,0,0,0,1,0,0,1,0,186,1
20,0,0,1,0,0,1,0,0,23,0
12,0,0,0,1,0,1,0,0,42,0
20,0,1,0,0,1,0,0,0,181,1
8,0,0,0,1,0,0,1,0,126,0
18,0,0,1,0,0,0,0,1,28,1
23,0,0,0,1,0,0,0,1,152,0
10,0,0,1,0,0,0,1,0,122,1
15,0,1,0,0,1,0,0,0,10,1
2,1,0,0,0,0,0,0,1,71,1
1,0,0,1,0,0,0,0,1,61,0
16,0,0,0,1,1,0,0,0,64,0
5,0,0,0,1,0,0,1,0,171,0
1,0,0,1,0,0,1,0,0,12,0
20,1,0,0,0,1,0,0,0,110,0
1,0,1,0,0,0,0,1,0,102,1
14,0,1,0,0,0,0,0,1,187,1
22,0,0,0,1,0,1,0,0,190,0
6,0,1,0,0,0,1,0,0,84,0
19,0,0,0,1,0,1,0,0,152,1
21,0,1,0,0,0,1,0,0,64,0
2,0,1,0,0,0,0,1,0,61,0
2,1,0,0,0,0,1,0,0,1,0
19,0,0,1,0,0,0,1,0,2,0
5,0,1,0,0,0,1,0,0,33,1
9,1,0,0,0,0,0,1,0,109,1
4,0,0,1,0,0,1,0,0,42,1
4,0,1,0,0,0,0,0,1,64,0
12,1,0,0,0,0,1,0,0,158,1
21,0,0,1,0,0,0,1,0,167,0
11,0,1,0,0,0,1,0,0,34,0
21,0,1,0,0,0,0,1,0,4,0
23,1,0,0,0,0,1,0,0,122,0
11,0,0,0,1,1,0,0,0,128,0
16,0,0,1,0,1,0,0,0,146,0
14,1,0,0,0,0,1,0,0,132,0
1,0,1,0,0,0,0,0,1,6,0
13,1,0,0,0,0,0,0,1,42,0
23,0,0,0,1,0,0,1,0,84,0
14,0,0,1,0,0,1,0,0,15,0
7,1,0,0,0,1,0,0,0,139,0
13,1,0,0,0,0,0,0,1,35,1
21,0,1,0,0,0,0,1,0,94,1
4,0,0,1,0,1,0,0,0,71,1
23,1,0,0,0,0,0,1,0,36,1
12,0,0,1,0,0,1,0,0,41,1
0,0,0,1,0,0,1,0,0,140,0
6,1,0,0,0,0,0,0,1,157,1
0,0,1,0,0,0,0,0,1,132,1
22,0,1,0,0,0,0,0,1,155,1
21,0,0,1,0,0,0,0,1,12,1
8,0,0,0,1,0,0,1,0,140,0
13,0,0,0,1,0,0,0,1,170,1
12,0,0,1,0,0,0,0,1,67,0
19,0,1,0,0,0,1,0,0,181,1
1,0,1,0,0,0,0,1,0,118,1
5,1,0,0,0,0,0,1,0,85,0
18,1,0,0,0,0,0,0,1,61,1
17,0,1,0,0,0,0,1,0,15,0
6,0,1,0,0,0,0,0,1,178,0
2,0,0,1,0,1,0,0,0,148,0
18,0,0,1,0,1,0,0,0,158,0
17,0,0,0,1,0,0,0,1,27,0
1,0,0,1,0,0,1,0,0,41,1
14,0,0,1,0,1,0,0,0,115,0
12,1,0,0,0,1,0,0,0,65,1
20,1,0,0,0,0,0,0,1,129,1
12,0,1,0,0,0,0,1,0,69,1
18,0,0,0,1,0,1,0,0,6,1
19,0,0,0,1,0,0,0,1,81,0
12,1,0,0,0,1,0,0,0,189,0
14,0,1,0,0,1,0,0,0,12,1
0,1,0,0,0,1,0,0,0,104,1
11,0,0,1,0,0,0,1,0,152,0
22,0,0,0,1,0,1,0,0,170,1
10,0,0,0,1,0,1,0,0,132,1
21,0,1,0,0,1,0,0,0,150,1
20,0,0,0,1,0,0,1,0,98,1
13,0,0,0,1,0,0,1,0,2,0
12,0,1,0,0,1,0,0,0,5,1
14,1,0,0,0,0,1,0,0,178,0
16,0,0,0,1,0,0,0,1,135,0
16,0,0,1,0,0,1,0,0,64,0
23,1,0,0,0,1,0,0,0,127,0
16,1,0,0,0,0,1,0,0,21,1
3,1,0,0,0,0,0,1,0,177,0
8,0,0,0,1,0,1,0,0,37,1
8,0,0,1,0,1,0,0,0,62,0
23,0,1,0,0,0,0,1,0,76,0
4,0,1,0,0,1,0,0,0,136,0
12,0,1,0,0,0,1,0,0,141,1
2,0,0,1,0,1,0,0,0,30,0
3,0,1,0,0,1,0,0,0,106,1
13,0,1,0,0,1,0,0,0,127,0
2,0,0,1,0,1,0,0,0,141,1
20,0,0,0,1,1,0,0,0,94,1
22,0,0,1,0,0,0,0,1,52,1
20,0,0,1,0,1,0,0,0,50,1
6,0,0,0,1,0,1,0,0,169,1
22,0,0,1,0,0,1,0,0,101,1
22,0,1,0,0,1,0,0,0,123,1
11,0,0,0,1,0,1,0,0,195,1
1,1,0,0,0,0,0,1,0,109,1
22,0,0,0,1,1,0,0,0,199,1
1,1,0,0,0,0,0,0,1,27,0
18,1,0,0,0,0,1,0,0,151,0
17,0,0,0,1,1,0,0,0,91,1
14,0,0,1,0,1,0,0,0,52,0
19,1,0,0,0,1,0,0,0,102,1
16,1,0,0,0,0,0,1,0,13,1
16,1,0,0,0,0,0,0,1,35,0
9,0,0,1,0,1,0,0,0,134,1
15,1,0,0,0,0,0,0,1,58,1
5,1,0,0,0,0,1,0,0,163,0
13,0,0,1,0,0,1,0,0,18,0
4,0,1,0,0,1,0,0,0,137,1
22,1,0,0,0,0,0,0,1,97,0
13,0,0,0,1,1,0,0,0,182,1
18,0,0,1,0,0,1,0,0,41,1
10,0,0,1,0,0,0,0,1,80,0
21,0,0,0,1,1,0,0,0,4,0
2,0,1,0,0,0,0,1,0,48,0
23,0,1,0,0,0,0,0,1,178,0
21,1,0,0,0,0,0,0,1,100,0
15,0,1,0,0,1,0,0,0,104,1
18,1,0,0,0,0,0,1,0,146,1
1,0,0,0,1,0,0,0,1,24,0
22,1,0,0,0,1,0,0,0,136,1
4,0,0,1,0,0,0,0,1,87,0
0,0,1,0,0,0,1,0,0,145,0
8,0,0,0,1,0,0,0,1,139,1
13,0,0,1,0,1,0,0,0,107,0
18,1,0,0,0,0,1,0,0,83,1
7,0,1,0,0,1,0,0,0,48,0
20,0,0,0,1,0,0,0,1,37,1
5,1,0,0,0,0,1,0,0,31,1
23,1,0,0,0,0,0,0,1,123,0
15,0,0,1,0,0,0,0,1,167,0
3,1,0,0,0,0,0,0,1,94,1
18,1,0,0,0,0,0,0,1,94,0
6,1,0,0,0,0,1,0,0,41,1
8,0,1,0,0,0,1,0,0,193,0
14,0,1,0,0,0,1,0,0,77,1
21,1,0,0,0,0,1,0,0,42,1
6,1,0,0,0,0,0,0,1,110,1
5,0,0,0,1,0,1,0,0,1,0
5,0,0,1,0,0,0,1,0,115,1
6,1,0,0,0,1,0,0,0,159,1
23,1,0,0,0,0,1,0,0,40,1
2,0,0,0,1,0,0,0,1,10,0
6,1,0,0,0,0,0,0,1,4,0
2,0,0,0,1,0,0,1,0,90,1
7,0,1,0,0,0,1,0,0,111,0
18,0,0,1,0,0,0,1,0,63,0
21,1,0,0,0,1,0,0,0,56,0
1,0,1,0,0,0,1,0,0,195,1
20,0,0,0,1,0,0,1,0,55,0
6,0,0,1,0,0,0,1,0,97,1
15,0,0,0,1,0,1,0,0,82,1
4,0,0,0,1,1,0,0,0,49,1
10,0,0,1,0,1,0,0,0,124,1
21,1,0,0,0,0,0,1,0,94,0
17,0,1,0,0,0,1,0,0,6,0
9,0,0,1,0,0,0,0,1,55,0
19,0,1,0,0,0,1,0,0,15,1
19,0,0,0,1,0,0,1,0,56,1
13,0,0,0,1,1,0,0,0,170,0
2,0,1,0,0,0,0,0,1,111,0
11,0,0,1,0,0,0,0,1,60,1
20,0,0,0,1,1,0,0,0,112,1
14,0,1,0,0,0,0,1,0,104,0
11,1,0,0,0,1,0,0,0,37,1
12,0,1,0,0,0,0,1,0,178,0
13,0,0,0,1,0,0,1,0,43,1
7,0,1,0,0,0,1,0,0,194,0
1,0,0,1,0,0,1,0,0,20,1
17,0,1,0,0,0,0,0,1,162,0
3,0,1,0,0,0,1,0,0,80,0
8,0,0,0,1,1,0,0,0,79,1
11,0,0,1,0,0,0,0,1,0,0
5,1,0,0,0,0,1,0,0,113,1
4,0,0,0,1,0,0,0,1,103,1
13,1,0,0,0,1,0,0,0,166,1
0,0,0,0,1,1,0,0,0,181,1
12,0,0,0,1,1,0,0,0,17,1
21,1,0,0,0,0,0,1,0,45,0
23,0,1,0,0,0,0,1,0,41,0
3,1,0,0,0,1,0,0,0,7,1
5,1,0,0,0,0,0,0,1,58,1
13,0,0,0,1,0,0,1,0,104,0
4,1,0,0,0,0,0,0,1,157,0
14,0,0,0,1,0,0,1,0,172,0
7,1,0,0,0,0,1,0,0,178,0
7,1,0,0,0,0,1,0,0,58,1
20,0,1,0,0,0,0,1,0,99,1
1,0,0,0,1,0,1,0,0,136,0
9,0,0,1,0,1,0,0,0,186,1
7,0,0,0,1,0,0,0,1,43,1
11,0,0,0,1,1,0,0,0,176,1
14,0,0,1,0,0,0,1,0,185,0
22,1,0,0,0,0,0,1,0,196,0
4,0,1,0,0,0,0,0,1,144,1
20,0,0,0,1,1,0,0,0,78,0
6,0,1,0,0,1,0,0,0,183,1
5,0,0,1,0,0,0,1,0,163,1
15,0,0,0,1,0,1,0,0,83,1
1,0,0,0,1,0,1,0,0,107,0
8,0,0,1,0,0,0,1,0,134,1
10,1,0,0,0,0,0,1,0,115,1
15,0,0,1,0,1,0,0,0,19,0
2,0,0,1,0,1,0,0,0,140,0
1,0,0,1,0,1,0,0,0,8,0
1,0,0,1,0,0,0,0,1,58,1
17,1,0,0,0,0,0,0,1,145,0
9,0,1,0,0,0,0,1,0,92,1
16,0,0,1,0,0,0,0,1,63,0
23,0,0,0,1,1,0,0,0,28,0
5,0,0,1,0,0,0,0,1,27,0
7,0,1,0,0,0,0,1,0,192,1
14,0,1,0,0,0,1,0,0,70,1
10,0,1,0,0,0,0,1,0,99,0
4,0,0,0,1,0,0,0,1,51,0
5,0,1,0,0,0,1,0,0,43,0
3,0,0,0,1,0,0,0,1,87,1
10,1,0,0,0,0,0,1,0,30,0
0,1,0,0,0,0,0,1,0,18,0
5,0,0,0,1,1,0,0,0,1,0
9,0,0,1,0,1,0,0,0,77,1
12,1,0,0,0,0,0,0,1,137,0
0,0,1,0,0,0,1,0,0,45,1
18,0,0,0,1,0,0,0,1,172,0
21,0,1,0,0,0,0,1,0,5,0
16,1,0,0,0,0,0,0,1,24,1
11,0,1,0,0,1,0,0,0,39,0
18,0,0,0,1,1,0,0,0,29,0
7,0,1,0,0,0,0,0,1,64,0
3,0,1,0,0,0,0,0,1,190,1
16,0,0,1,0,0,1,0,0,42,1
15,0,0,0,1,0,0,0,1,98,1
16,0,0,1,0,0,1,0,0,16,0
19,1,0,0,0,1,0,0,0,194,0
13,0,1,0,0,0,0,1,0,97,1
0,0,0,1,0,0,0,1,0,185,0
11,0,0,1,0,1,0,0,0,123,0
15,1,0,0,0,0,0,0,1,159,0
1,0,0,1,0,0,1,0,0,190,1
16,0,1,0,0,1,0,0,0,165,1
11,1,0,0,0,1,0,0,0,76,1
1,0,0,0,1,0,0,1,0,107,0
21,0,1,0,0,0,0,1,0,100,0
21,0,0,0,1,0,0,0,1,93,1
3,0,0,1,0,1,0,0,0,43,0
17,0,0,0,1,0,0,1,0,40,1
18,0,0,1,0,0,0,1,0,188,1
12,0,0,1,0,0,0,0,1,30,1
0,1,0,0,0,0,0,1,0,64,1
20,0,0,1,0,0,1,0,0,15,0
15,1,0,0,0,0,0,0,1,161,1
14,1,0,0,0,0,1,0,0,131,0
17,1,0,0,0,0,1,0,0,155,1
4,0,1,0,0,0,0,0,1,139,0
5,0,0,0,1,1,0,0,0,97,0
14,1,0,0,0,0,0,0,1,12,1
12,0,0,0,1,0,0,0,1,89,1
21,1,0,0,0,0,0,1,0,156,1
18,0,1,0,0,0,1,0,0,61,1
21,0,1,0,0,0,0,0,1,42,1
14,1,0,0,0,0,1,0,0,53,0
14,1,0,0,0,0,1,0,0,108,0
13,0,0,1,0,0,0,0,1,148,1
17,0,1,0,0,0,1,0,0,62,0
23,0,1,0,0,0,0,0,1,131,0
2,0,1,0,0,1,0,0,0,187,1
20,1,0,0,0,0,0,0,1,191,0
5,1,0,0,0,0,0,1,0,131,1
17,0,0,0,1,0,1,0,0,106,0
5,0,1,0,0,1,0,0,0,124,1
20,1,0,0,0,0,1,0,0,138,0
12,0,1,0,0,1,0,0,0,45,1
10,0,0,0,1,0,0,1,0,171,1
1,1,0,0,0,0,1,0,0,37,0
11,1,0,0,0,0,1,0,0,164,0
16,0,0,0,1,0,0,1,0,119,0
19,0,0,0,1,0,0,0,1,31,1
19,0,0,1,0,0,0,0,1,195,1
18,1,0,0,0,1,0,0,0,92,0
11,0,0,1,0,1,0,0,0,187,1
9,0,0,0,1,1,0,0,0,191,1
11,0,0,1,0,0,1,0,0,189,1
2,0,1,0,0,0,0,0,1,23,0
10,0,0,0,1,0,1,0,0,21,0
5,1,0,0,0,0,1,0,0,37,1
12,1,0,0,0,0,0,1,0,83,1
2,0,0,0,1,0,1,0,0,23,0
8,1,0,0,0,0,0,0,1,158,1
1,0,0,1,0,0,0,1,0,99,1
0,1,0,0,0,0,1,0,0,31,1
18,0,1,0,0,0,1,0,0,90,0
10,0,1,0,0,1,0,0,0,96,1
17,1,0,0,0,0,0,1,0,130,0
16,0,1,0,0,0,0,1,0,43,0
21,0,0,1,0,0,0,1,0,47,0
2,1,0,0,0,1,0,0,0,164,0
19,0,1,0,0,0,1,0,0,105,0
6,0,0,1,0,1,0,0,0,21,0
23,0,1,0,0,0,0,0,1,156,0
23,1,0,0,0,0,1,0,0,20,1
22,0,1,0,0,0,0,1,0,91,1
6,1,0,0,0,0,0,1,0,80,1
21,0,0,0,1,0,0,1,0,33,0
7,0,1,0,0,0,0,0,1,190,1
1,1,0,0,0,0,0,1,0,67,1
8,0,0,0,1,0,1,0,0,84,0
1,0,0,0,1,0,1,0,0,11,0
17,1,0,0,0,1,0,0,0,37,0
10,0,0,1,0,0,0,0,1,67,1
15,1,0,0,0,0,0,0,1,79,0
2,0,0,0,1,0,0,0,1,171,1
22,0,0,1,0,1,0,0,0,125,0
6,1,0,0,0,0,0,1,0,76,0
2,0,0,0,1,0,0,1,0,106,0
7,1,0,0,0,1,0,0,0,24,0
0,0,1,0,0,0,1,0,0,48,0
3,0,0,0,1,0,1,0,0,102,1
5,0,0,1,0,1,0,0,0,64,1
23,0,1,0,0,0,0,1,0,177,1
8,0,1,0,0,0,1,0,0,174,1
0,0,1,0,0,0,0,0,1,159,0
20,1,0,0,0,1,0,0,0,173,0
15,0,1,0,0,0,0,0,1,161,1
5,0,1,0,0,1,0,0,0,70,0
6,0,1,0,0,0,1,0,0,32,0
21,0,0,0,1,1,0,0,0,62,0
0,1,0,0,0,1,0,0,0,88,1
13,0,1,0,0,0,0,0,1,165,0
3,0,0,1,0,1,0,0,0,22,0
2,0,0,1,0,0,0,1,0,130,1
5,0,1,0,0,0,1,0,0,17,1
0,0,0,0,1,0,0,0,1,189,0
22,0,0,0,1,0,0,0,1,175,1
16,0,0,0,1,0,0,0,1,41,0
7,0,0,0,1,0,0,1,0,72,0
15,0,1,0,0,1,0,0,0,151,1
11,0,0,0,1,0,1,0,0,66,1
5,0,0,0,1,0,0,0,1,90,1
17,0,0,0,1,0,0,1,0,189,0
11,0,0,1,0,0,0,0,1,183,0
1,0,0,0,1,0,0,1,0,142,0
8,0,0,1,0,0,1,0,0,102,0
21,0,0,0,1,1,0,0,0,132,1
19,0,0,1,0,0,0,1,0,1,0
16,1,0,0,0,0,1,0,0,99,0
19,0,0,0,1,0,0,1,0,75,0
14,1,0,0,0,0,0,1,0,102,1
19,0,0,1,0,0,0,0,1,85,0
15,0,0,0,1,0,1,0,0,3,0
2,0,0,1,0,0,1,0,0,20,0
13,0,1,0,0,0,1,0,0,40,1
19,0,1,0,0,0,0,1,0,141,0
13,0,1,0,0,0,0,0,1,165,1
15,0,1,0,0,0,1,0,0,148,1
12,0,1,0,0,0,1,0,0,28,1
1,0,1,0,0,0,1,0,0,118,1
23,0,0,1,0,0,0,1,0,147,1
13,0,0,0,1,0,0,0,1,195,0
15,0,0,0,1,0,0,0,1,72,0
1,1,0,0,0,1,0,0,0,189,0
8,1,0,0,0,0,0,1,0,162,0
2,0,0,0,1,1,0,0,0,118,0
5,0,1,0,0,0,0,1,0,33,0
19,1,0,0,0,1,0,0,0,108,1
15,0,0,1,0,1,0,0,0,13,0
9,1,0,0,0,0,1,0,0,103,1
20,0,0,1,0,0,1,0,0,57,1
20,1,0,0,0,0,1,0,0,157,1
20,0,1,0,0,0,0,0,1,62,1
21,0,1,0,0,1,0,0,0,46,1
21,0,0,1,0,0,0,1,0,2,0
19,1,0,0,0,1,0,0,0,26,1
15,0,0,0,1,0,0,1,0,162,1
9,0,1,0,0,0,0,0,1,194,1
2,0,1,0,0,0,0,0,1,182,0
9,1,0,0,0,0,0,0,1,15,1
8,1,0,0,0,0,0,0,1,94,0
7,0,0,1,0,1,0,0,0,167,0
10,0,0,1,0,1,0,0,0,141,0
2,1,0,0,0,0,0,1,0,26,0
23,0,0,1,0,0,1,0,0,16,0
1,0,1,0,0,0,0,0,1,199,0
6,0,0,0,1,0,1,0,0,181,0
9,0,1,0,0,0,1,0,0,66,0
12,0,0,0,1,0,1,0,0,113,1
15,1,0,0,0,1,0,0,0,59,0
13,1,0,0,0,0,1,0,0,0,0
3,0,0,0,1,0,0,1,0,104,0
14,1,0,0,0,1,0,0,0,111,0
16,1,0,0,0,0,0,1,0,105,0
5,0,0,0,1,0,0,1,0,112,1
7,0,1,0,0,0,1,0,0,70,0
11,0,0,0,1,0,1,0,0,189,0
19,0,1,0,0,0,0,0,1,77,0
3,1,0,0,0,0,0,0,1,140,1
16,0,1,0,0,0,0,0,1,31,1
23,0,1,0,0,0,0,0,1,12,0
18,0,1,0,0,0,0,0,1,85,1
20,0,0,1,0,0,0,1,0,67,0
2,1,0,0,0,0,1,0,0,176,0
12,0,1,0,0,0,0,1,0,87,1
1,0,0,0,1,0,0,1,0,82,1
17,1,0,0,0,0,0,1,0,58,0
7,0,0,1,0,0,1,0,0,104,0
6,1,0,0,0,0,0,1,0,180,1
13,0,0,0,1,0,0,1,0,135,1
0,0,0,0,1,0,1,0,0,16,1
4,0,1,0,0,0,0,1,0,39,1
23,0,0,0,1,0,0,0,1,91,0
4,1,0,0,0,0,0,0,1,45,1
7,1,0,0,0,0,0,0,1,65,1
23,0,1,0,0,0,0,0,1,167,1
5,1,0,0,0,1,0,0,0,101,1
20,0,0,1,0,0,0,0,1,133,0
12,0,0,1,0,1,0,0,0,102,1
16,1,0,0,0,0,1,0,0,40,0
14,0,1,0,0,0,0,0,1,189,0
20,0,0,1,0,0,1,0,0,167,0
14,0,1,0,0,1,0,0,0,14,1
4,0,0,1,0,0,1,0,0,106,0
10,0,0,0,1,0,0,0,1,56,0
22,0,0,1,0,1,0,0,0,20,0
11,0,1,0,0,1,0,0,0,165,0
6,0,0,0,1,0,0,1,0,61,1
10,1,0,0,0,0,0,1,0,25,1
7,0,0,1,0,0,0,1,0,174,1
10,0,0,0,1,0,0,0,1,15,0
1,1,0,0,0,1,0,0,0,48,0
19,0,1,0,0,1,0,0,0,98,1
3,0,0,0,1,0,0,0,1,155,0
13,1,0,0,0,0,0,0,1,50,1
17,0,0,0,1,0,1,0,0,11,1
11,0,0,1,0,0,0,0,1,5,0
10,1,0,0,0,0,0,0,1,146,0
23,0,0,0,1,1,0,0,0,71,0
3,0,1,0,0,0,0,0,1,86,0
11,0,0,0,1,1,0,0,0,29,0
18,1,0,0,0,0,0,0,1,22,0
8,0,0,0,1,0,0,0,1,145,1
9,0,0,0,1,0,0,0,1,32,0
14,0,0,1,0,0,1,0,0,95,0
12,0,0,0,1,0,0,0,1,24,0
22,1,0,0,0,0,0,1,0,75,1
13,0,0,1,0,0,1,0,0,135,1
8,0,1,0,0,0,0,0,1,20,0
9,1,0,0,0,0,1,0,0,29,1
23,1,0,0,0,0,0,1,0,10,0
22,0,0,1,0,0,0,0,1,21,0
2,1,0,0,0,0,0,1,0,198,0
15,0,1,0,0,0,1,0,0,151,0
19,0,0,0,1,0,0,1,0,129,1
17,0,0,0,1,1,0,0,0,61,1
15,0,0,0,1,0,0,0,1,141,0
23,0,0,1,0,0,0,0,1,110,0
5,0,0,0,1,0,0,0,1,56,0
6,0,0,1,0,0,0,1,0,186,1
10,1,0,0,0,0,0,1,0,77,0
23,0,0,1,0,0,0,0,1,92,0
11,1,0,0,0,0,1,0,0,185,0
3,0,0,1,0,0,0,1,0,1,1
6,0,1,0,0,1,0,0,0,82,0
3,0,0,0,1,0,1,0,0,103,1
9,0,1,0,0,0,1,0,0,61,0
13,0,0,0,1,0,0,0,1,82,0
9,0,1,0,0,0,0,1,0,74,0
15,0,1,0,0,1,0,0,0,15,1
15,0,1,0,0,1,0,0,0,135,1
3,0,1,0,0,0,1,0,0,178,0
5,0,0,0,1,0,0,1,0,162,0
11,1,0,0,0,0,1,0,0,74,0
10,0,0,0,1,0,1,0,0,133,1
21,1,0,0,0,0,0,1,0,168,1
21,0,0,1,0,1,0,0,0,172,1
13,0,0,1,0,0,1,0,0,189,0
0,0,1,0,0,1,0,0,0,92,0
2,0,0,0,1,0,1,0,0,110,1
12,0,0,0,1,0,0,0,1,45,1
17,1,0,0,0,1,0,0,0,138,1
17,0,1,0,0,1,0,0,0,31,0
14,0,0,0,1,1,0,0,0,90,1
6,1,0,0,0,0,1,0,0,165,0
8,1,0,0,0,0,0,1,0,8,1
2,0,0,0,1,0,0,1,0,118,0
2,0,1,0,0,0,0,1,0,71,1
2,0,1,0,0,0,0,0,1,95,1
5,0,1,0,0,0,1,0,0,161,0
20,0,1,0,0,0,0,1,0,94,1
0,0,0,1,0,0,0,1,0,27,0
15,0,0,1,0,1,0,0,0,6,1
6,0,0,0,1,1,0,0,0,192,1
17,0,1,0,0,0,1,0,0,9,1
15,0,0,0,1,0,0,0,1,130,0
6,0,0,0,1,0,1,0,0,42,0
12,1,0,0,0,0,0,0,1,185,1
4,0,0,1,0,0,0,1,0,110,0
18,0,0,0,1,0,0,1,0,144,1
12,0,0,1,0,1,0,0,0,189,1
4,0,0,1,0,0,0,0,1,185,1
14,0,1,0,0,1,0,0,0,129,1
12,0,1,0,0,0,0,0,1,22,0
18,1,0,0,0,0,0,1,0,131,0
1,0,0,0,1,0,1,0,0,92,0
22,0,1,0,0,1,0,0,0,14,0
18,0,1,0,0,0,1,0,0,47,0
14,0,1,0,0,0,0,1,0,157,0
9,1,0,0,0,0,1,0,0,162,1
0,0,0,1,0,0,0,1,0,170,1
7,0,1,0,0,0,0,0,1,94,0
22,1,0,0,0,1,0,0,0,198,0
21,0,1,0,0,0,0,0,1,58,0
16,1,0,0,0,1,0,0,0,134,0
13,1,0,0,0,0,1,0,0,159,0
19,0,0,1,0,0,0,0,1,111,0
10,0,0,1,0,0,1,0,0,59,0
0,0,0,1,0,0,0,1,0,82,1
1,0,1,0,0,0,0,0,1,65,0
6,0,1,0,0,0,0,1,0,167,1
19,0,0,1,0,0,0,0,1,195,1
15,0,0,0,1,0,0,0,1,167,0
16,0,0,0,1,0,1,0,0,70,0
7,1,0,0,0,0,1,0,0,6,0
23,0,0,1,0,0,0,0,1,61,0
22,0,1,0,0,1,0,0,0,115,1
16,0,0,1,0,0,1,0,0,106,1
6,0,0,1,0,0,1,0,0,41,0
16,0,0,0,1,0,0,1,0,119,0
12,0,0,1,0,0,0,1,0,131,0
19,0,1,0,0,0,0,1,0,4,0
13,0,0,1,0,0,0,0,1,128,1
15,1,0,0,0,0,1,0,0,111,1
18,1,0,0,0,0,0,0,1,104,1
4,0,0,1,0,0,0,1,0,139,0
16,0,0,1,0,0,0,0,1,106,0
4,0,0,1,0,1,0,0,0,156,1
16,1,0,0,0,0,0,1,0,25,0
15,0,0,1,0,0,0,0,1,133,1
12,0,0,0,1,0,0,1,0,60,1
22,0,1,0,0,0,0,1,0,75,1
5,0,0,0,1,0,1,0,0,177,0
3,1,0,0,0,0,1,0,0,38,0
23,0,0,1,0,1,0,0,0,98,1
7,0,0,0,1,0,1,0,0,65,0
19,0,0,0,1,0,1,0,0,114,1
16,0,1,0,0,0,1,0,0,70,1
1,0,0,0,1,1,0,0,0,194,0
19,0,1,0,0,0,0,0,1,125,1
23,0,0,1,0,0,0,1,0,36,0
12,0,0,0,1,1,0,0,0,56,1
20,0,1,0,0,0,0,1,0,71,0
6,1,0,0,0,0,0,1,0,18,1
18,0,1,0,0,1,0,0,0,171,1
14,0,0,1,0,1,0,0,0,32,1
12,0,0,0,1,0,1,0,0,114,0
5,0,0,1,0,1,0,0,0,138,0
8,0,0,0,1,1,0,0,0,159,1
1,1,0,0,0,0,0,0,1,75,1
20,0,1,0,0,0,1,0,0,96,1
17,1,0,0,0,0,1,0,0,177,0
11,1,0,0,0,0,0,1,0,174,1
23,0,1,0,0,0,0,0,1,170,0
2,0,0,0,1,0,1,0,0,10,1
23,1,0,0,0,0,0,0,1,96,1
4,0,0,1,0,0,1,0,0,33,1
12,1,0,0,0,0,0,1,0,174,1
22,0,1,0,0,1,0,0,0,21,1
22,0,0,0,1,0,0,0,1,3,0
5,1,0,0,0,0,0,0,1,188,0
23,0,0,0,1,0,0,0,1,67,1
17,0,1,0,0,0,1,0,0,62,0
3,1,0,0,0,0,1,0,0,177,1
8,0,0,1,0,0,1,0,0,3,0
2,1,0,0,0,0,1,0,0,54,1
7,0,0,0,1,0,0,1,0,33,0
10,0,0,1,0,1,0,0,0,144,1
10,1,0,0,0,1,0,0,0,184,1
15,0,0,1,0,1,0,0,0,118,1
15,0,0,1,0,0,0,0,1,122,1
1,0,0,0,1,0,1,0,0,167,0
2,0,1,0,0,1,0,0,0,138,0
8,1,0,0,0,0,0,1,0,80,0
6,0,0,1,0,0,1,0,0,121,1
9,0,1,0,0,0,1,0,0,197,1
23,0,0,1,0,1,0,0,0,52,0
1,0,1,0,0,0,1,0,0,17,0
9,0,0,0,1,0,0,1,0,29,0
18,1,0,0,0,1,0,0,0,58,1
6,1,0,0,0,0,1,0,0,68,1
23,0,1,0,0,1,0,0,0,125,0
0,1,0,0,0,0,0,0,1,182,1
0,1,0,0,0,0,1,0,0,43,0
0,1,0,0,0,1,0,0,0,82,0
2,0,1,0,0,1,0,0,0,10,1
6,0,0,0,1,0,0,1,0,119,0
17,0,1,0,0,0,0,0,1,39,1
3,0,1,0,0,0,1,0,0,13,1
7,0,1,0,0,0,1,0,0,64,0
9,0,1,0,0,0,0,1,0,16,0
13,0,0,0,1,0,1,0,0,20,0
11,0,1,0,0,1,0,0,0,87,0
23,0,0,0,1,1,0,0,0,88,1
9,0,0,0,1,0,1,0,0,107,0
2,0,0,0,1,0,1,0,0,99,0
23,0,1,0,0,0,0,1,0,70,1
9,0,0,0,1,0,1,0,0,95,1
3,1,0,0,0,0,1,0,0,84,0
1,1,0,0,0,0,1,0,0,78,1
20,0,1,0,0,0,1,0,0,85,1
3,0,0,1,0,0,0,0,1,188,0
10,1,0,0,0,0,0,1,0,92,1
23,0,0,0,1,0,0,1,0,125,1
6,0,0,1,0,0,1,0,0,29,0
11,0,1,0,0,0,0,0,1,120,0
4,0,1,0,0,1,0,0,0,94,1
2,0,0,0,1,0,1,0,0,136,1
4,1,0,0,0,0,1,0,0,72,0
10,0,1,0,0,0,1,0,0,70,0
12,1,0,0,0,1,0,0,0,58,0
7,0,0,0,1,1,0,0,0,27,1
20,0,0,1,0,0,1,0,0,130,0
13,0,0,0,1,0,1,0,0,0,1
5,1,0,0,0,1,0,0,0,171,0
8,0,0,0,1,0,1,0,0,95,1
23,0,0,0,1,0,0,1,0,187,0
12,1,0,0,0,0,0,1,0,16,0
14,0,1,0,0,0,0,1,0,146,0
17,0,1,0,0,0,0,0,1,60,0
14,0,0,0,1,0,0,1,0,115,1
14,0,0,1,0,0,0,0,1,163,0
16,0,1,0,0,1,0,0,0,24,1
14,0,0,0,1,0,0,0,1,97,0
19,0,0,1,0,0,1,0,0,47,1
5,0,0,0,1,1,0,0,0,147,1
10,0,0,1,0,1,0,0,0,157,1
7,0,1,0,0,1,0,0,0,70,1
7,1,0,0,0,1,0,0,0,108,0
15,0,0,1,0,0,0,1,0,51,1
5,1,0,0,0,1,0,0,0,134,0
2,1,0,0,0,0,1,0,0,119,0
1,1,0,0,0,1,0,0,0,183,0
23,1,0,0,0,0,0,1,0,24,0
11,0,1,0,0,1,0,0,0,14,0
12,0,0,0,1,0,0,1,0,83,0
18,0,1,0,0,0,1,0,0,120,1
11,0,1,0,0,0,1,0,0,14,0
9,0,1,0,0,0,1,0,0,183,0
1,1,0,0,0,1,0,0,0,147,0
14,0,1,0,0,0,0,1,0,116,1
21,0,0,1,0,0,0,0,1,11,0
13,1,0,0,0,0,1,0,0,138,0
0,0,1,0,0,0,0,1,0,140,0
22,0,1,0,0,0,1,0,0,79,1
11,1,0,0,0,0,1,0,0,172,1
13,0,0,0,1,0,0,1,0,141,0
7,0,1,0,0,0,1,0,0,54,0
8,0,0,0,1,1,0,0,0,14,1
3,0,0,1,0,0,0,1,0,175,0
19,1,0,0,0,0,1,0,0,51,1
3,0,1,0,0,0,1,0,0,130,1
14,1,0,0,0,0,0,1,0,0,0
8,0,0,0,1,0,0,1,0,146,1
23,1,0,0,0,0,0,1,0,29,0
22,0,1,0,0,0,0,0,1,185,0
9,0,0,0,1,0,0,0,1,134,1
22,0,1,0,0,0,1,0,0,77,1
17,0,0,0,1,1,0,0,0,163,1
16,0,0,0,1,0,1,0,0,191,1
15,0,0,1,0,1,0,0,0,197,0
6,1,0,0,0,0,0,0,1,128,0
7,0,1,0,0,0,0,0,1,10,1
15,0,0,1,0,0,0,0,1,3,0
16,0,0,0,1,1,0,0,0,99,0
18,0,0,1,0,0,1,0,0,45,1
10,0,0,0,1,0,0,1,0,198,1
23,1,0,0,0,0,0,1,0,68,0
23,1,0,0,0,0,0,1,0,148,0
22,0,0,1,0,1,0,0,0,107,1
21,1,0,0,0,1,0,0,0,24,1
22,0,1,0,0,0,0,0,1,72,1
22,1,0,0,0,0,0,1,0,41,0
6,0,0,0,1,0,0,0,1,47,1
8,0,1,0,0,0,0,1,0,184,1
3,0,0,0,1,0,0,0,1,109,1
16,1,0,0,0,0,0,1,0,39,1
11,0,1,0,0,0,0,1,0,174,0
5,0,0,0,1,0,1,0,0,33,1
18,0,0,0,1,1,0,0,0,38,0
5,1,0,0,0,0,0,0,1,188,0
23,1,0,0,0,1,0,0,0,121,1
9,0,0,0,1,1,0,0,0,121,0
16,0,1,0,0,0,0,1,0,0,0
7,0,0,0,1,0,0,1,0,4,1
23,0,0,0,1,1,0,0,0,67,0
13,1,0,0,0,0,0,1,0,5,0
18,0,0,0,1,0,0,1,0,124,0
12,0,1,0,0,0,0,1,0,22,0
0,0,0,0,1,0,0,0,1,135,1
18,0,0,0,1,0,0,1,0,83,1
1,0,0,1,0,0,1,0,0,116,1
11,0,0,1,0,0,1,0,0,1,1
19,0,0,1,0,0,0,1,0,186,0
0,0,1,0,0,0,0,1,0,185,0
0,0,0,1,0,0,0,1,0,104,1
21,0,0,1,0,0,1,0,0,187,0
8,1,0,0,0,0,1,0,0,60,1
7,0,1,0,0,0,0,1,0,33,1
7,0,0,1,0,0,0,0,1,110,0
9,0,1,0,0,1,0,0,0,31,0
23,0,0,1,0,1,0,0,0,69,0
18,0,1,0,0,0,1,0,0,185,1
9,1,0,0,0,0,1,0,0,186,1
11,1,0,0,0,1,0,0,0,45,1
13,0,1,0,0,0,0,0,1,152,0
4,0,0,1,0,0,1,0,0,161,1
3,0,1,0,0,0,0,0,1,66,1
5,0,1,0,0,0,1,0,0,48,1
22,1,0,0,0,0,0,0,1,9,1
0,0,0,1,0,1,0,0,0,57,0
8,0,0,0,1,0,1,0,0,151,1
15,1,0,0,0,0,0,1,0,5,0
16,1,0,0,0,1,0,0,0,101,1
19,0,0,0,1,0,0,0,1,23,0
5,1,0,0,0,1,0,0,0,81,0
0,0,0,1,0,0,1,0,0,79,0
1,1,0,0,0,1,0,0,0,107,0
8,0,1,0,0,1,0,0,0,111,0
3,0,0,0,1,0,1,0,0,53,0
9,0,1,0,0,1,0,0,0,124,1
17,0,1,0,0,1,0,0,0,159,0
23,0,0,1,0,0,0,0,1,57,1
1,0,1,0,0,0,0,0,1,116,1
17,0,0,1,0,0,0,1,0,18,0
21,0,0,0,1,0,1,0,0,128,0
8,1,0,0,0,1,0,0,0,4,0
3,0,1,0,0,0,0,1,0,190,0
23,0,1,0,0,0,1,0,0,100,1
14,0,0,0,1,0,1,0,0,199,0
3,1,0,0,0,1,0,0,0,58,0
18,1,0,0,0,0,0,1,0,146,1
16,0,1,0,0,1,0,0,0,76,0
18,1,0,0,0,0,1,0,0,49,0
13,0,0,0,1,1,0,0,0,89,1
12,0,0,1,0,0,0,0,1,150,0
14,0,0,1,0,0,0,1,0,153,1
3,0,0,0,1,0,0,1,0,170,1
12,0,0,0,1,0,1,0,0,128,0
19,0,0,1,0,1,0,0,0,182,1
19,1,0,0,0,0,0,1,0,118,0
7,1,0,0,0,0,1,0,0,168,0
10,0,0,1,0,0,0,1,0,167,1
11,1,0,0,0,0,0,1,0,128,1
17,0,1,0,0,0,0,0,1,132,1
3,1,0,0,0,0,0,1,0,189,1
20,0,0,1,0,0,0,0,1,52,0
15,0,1,0,0,0,0,1,0,193,0
11,0,1,0,0,0,0,0,1,42,1
17,0,0,1,0,1,0,0,0,13,1
9,0,0,1,0,0,0,1,0,15,0
22,0,0,0,1,0,0,0,1,52,1
14,0,0,0,1,1,0,0,0,163,0
8,1,0,0,0,0,1,0,0,36,1
22,1,0,0,0,0,1,0,0,147,1
20,0,1,0,0,1,0,0,0,94,1
21,0,0,0,1,0,0,1,0,175,1
9,0,1,0,0,0,0,0,1,48,0
15,0,1,0,0,0,0,1,0,128,1
10,0,0,1,0,0,1,0,0,105,0
2,0,0,0,1,1,0,0,0,98,0
7,1,0,0,0,0,1,0,0,84,0
15,0,0,0,1,0,0,1,0,113,0
11,0,1,0,0,0,0,1,0,64,1
15,1,0,0,0,0,1,0,0,76,1
18,1,0,0,0,0,0,0,1,159,1
7,1,0,0,0,0,0,1,0,186,0
15,0,0,0,1,0,0,0,1,159,0
3,1,0,0,0,0,1,0,0,50,0
11,0,0,0,1,0,1,0,0,104,1
12,0,0,1,0,0,0,0,1,199,0
14,0,1,0,0,0,0,0,1,117,1
7,1,0,0,0,0,1,0,0,1,1
8,1,0,0,0,0,0,1,0,173,0
23,0,0,1,0,0,0,1,0,174,0
21,1,0,0,0,1,0,0,0,85,0
7,1,0,0,0,0,0,0,1,26,0
22,1,0,0,0,0,0,1,0,75,0
5,0,0,0,1,0,0,1,0,199,1
0,0,0,0,1,0,0,0,1,184,1
4,1,0,0,0,0,0,1,0,9,1
21,0,1,0,0,1,0,0,0,142,0
8,0,0,1,0,1,0,0,0,91,0
23,0,0,0,1,0,0,0,1,33,1
22,0,1,0,0,0,0,1,0,109,0
3,0,0,0,1,1,0,0,0,61,0
19,0,0,0,1,1,0,0,0,39,0
0,0,0,1,0,1,0,0,0,155,0
14,0,1,0,0,0,0,1,0,59,0
16,0,1,0,0,1,0,0,0,22,1
14,0,0,1,0,0,1,0,0,189,0
2,0,1,0,0,0,0,0,1,43,0
21,1,0,0,0,0,0,1,0,153,0
21,1,0,0,0,0,0,0,1,106,0
11,0,1,0,0,0,0,0,1,111,0
7,1,0,0,0,0,0,1,0,31,0
7,0,0,0,1,0,0,1,0,41,0
8,0,1,0,0,0,0,0,1,159,0
8,0,0,0,1,0,0,0,1,31,0
3,1,0,0,0,1,0,0,0,17,0
9,0,1,0,0,0,0,0,1,32,1
12,0,1,0,0,0,0,1,0,198,0
5,1,0,0,0,0,0,1,0,66,1
7,0,0,1,0,1,0,0,0,100,0
14,0,1,0,0,1,0,0,0,176,1
17,0,0,0,1,0,1,0,0,65,1
10,0,0,1,0,0,1,0,0,184,0
0,0,0,1,0,0,0,1,0,176,0
23,0,0,1,0,0,1,0,0,80,0
6,0,0,1,0,0,0,1,0,46,1
18,0,0,1,0,1,0,0,0,104,0
13,0,0,0,1,0,0,1,0,171,0
1,0,0,1,0,0,0,0,1,74,1
20,0,0,0,1,0,0,1,0,130,0
2,0,0,0,1,0,0,1,0,119,1
23,0,1,0,0,0,1,0,0,84,0
4,0,0,0,1,0,1,0,0,27,0
16,0,0,1,0,0,0,1,0,155,1
15,0,0,1,0,0,0,1,0,134,1
4,0,0,0,1,1,0,0,0,41,0
13,0,1,0,0,0,1,0,0,132,0
1,0,0,0,1,0,1,0,0,162,1
13,0,1,0,0,0,1,0,0,105,1
1,0,1,0,0,0,0,1,0,77,0
18,0,0,0,1,0,1,0,0,162,1
8,0,1,0,0,0,1,0,0,41,1
2,0,0,1,0,1,0,0,0,190,1
4,0,0,0,1,0,0,1,0,146,0
12,0,0,1,0,0,0,1,0,115,0
23,0,1,0,0,0,0,0,1,104,1
15,1,0,0,0,0,0,0,1,189,1
21,0,0,1,0,0,1,0,0,152,0
0,0,0,1,0,1,0,0,0,50,0
9,0,1,0,0,1,0,0,0,189,1
6,0,1,0,0,0,1,0,0,170,0
23,1,0,0,0,0,0,0,1,1,0
21,1,0,0,0,1,0,0,0,53,1
9,0,0,1,0,0,1,0,0,181,1
22,0,1,0,0,0,1,0,0,145,0
10,1,0,0,0,0,1,0,0,133,1
23,0,0,1,0,0,1,0,0,82,0
21,0,0,0,1,1,0,0,0,23,1
21,1,0,0,0,0,1,0,0,103,0
18,1,0,0,0,0,1,0,0,33,0
17,1,0,0,0,0,0,0,1,28,0
9,0,0,1,0,0,0,0,1,50,0
22,0,1,0,0,0,0,0,1,85,1
7,0,0,0,1,0,1,0,0,44,0
13,0,0,0,1,0,0,0,1,94,0
22,0,0,0,1,0,0,1,0,24,0
14,0,1,0,0,0,0,0,1,102,0
16,1,0,0,0,1,0,0,0,49,0
11,1,0,0,0,0,0,1,0,89,1
3,0,0,1,0,0,0,1,0,6,0
15,1,0,0,0,1,0,0,0,132,1
19,0,1,0,0,0,0,1,0,123,0
6,0,1,0,0,0,1,0,0,88,1
7,0,0,1,0,0,0,0,1,121,1
22,0,1,0,0,0,0,0,1,24,1
9,1,0,0,0,0,0,0,1,65,0
21,0,1,0,0,0,0,1,0,97,1
12,0,0,0,1,0,0,0,1,22,1
15,0,1,0,0,0,0,0,1,98,0
6,0,0,1,0,0,0,1,0,162,0
21,0,1,0,0,1,0,0,0,108,1
18,0,0,1,0,0,0,1,0,145,1
18,1,0,0,0,0,0,0,1,149,1
5,0,1,0,0,0,0,0,1,115,1
6,0,1,0,0,1,0,0,0,159,1
22,1,0,0,0,1,0,0,0,169,1
11,0,0,0,1,0,1,0,0,57,0
21,0,1,0,0,0,0,0,1,19,1
14,1,0,0,0,0,1,0,0,171,1
12,0,0,0,1,0,0,1,0,175,0
17,0,1,0,0,0,0,0,1,28,0
15,0,1,0,0,0,1,0,0,86,1
21,0,0,1,0,0,1,0,0,15,0
13,0,0,1,0,0,0,0,1,138,0
8,0,0,0,1,0,0,1,0,129,0
0,1,0,0,0,1,0,0,0,6,0
4,0,0,1,0,0,1,0,0,188,0
5,0,0,0,1,0,0,0,1,13,1
11,0,0,1,0,0,0,0,1,63,0
17,1,0,0,0,0,0,0,1,42,0
15,0,0,1,0,1,0,0,0,24,0
3,0,1,0,0,0,0,1,0,119,1
18,1,0,0,0,0,1,0,0,186,1
1,0,1,0,0,1,0,0,0,112,0
0,0,0,1,0,0,1,0,0,99,0
17,0,0,0,1,0,0,1,0,104,0
13,0,0,1,0,1,0,0,0,55,1
1,0,0,1,0,1,0,0,0,134,1
19,0,0,1,0,0,1,0,0,113,0
5,1,0,0,0,1,0,0,0,80,0
8,0,0,1,0,1,0,0,0,79,0
12,0,1,0,0,0,1,0,0,4,0
15,0,1,0,0,0,1,0,0,170,0
1,1,0,0,0,0,0,0,1,150,1
12,0,0,0,1,0,0,1,0,60,1
0,0,0,1,0,0,0,1,0,119,0
0,0,1,0,0,1,0,0,0,95,0
0,0,0,0,1,0,0,0,1,151,0
21,1,0,0,0,0,0,1,0,161,1
4,0,1,0,0,0,0,1,0,42,0
22,0,0,0,1,0,0,0,1,194,0
13,0,0,0,1,0,0,0,1,79,0
17,0,0,1,0,1,0,0,0,8,1
12,0,0,0,1,0,0,0,1,151,1
8,0,0,1,0,0,0,1,0,123,1
21,0,0,0,1,0,0,1,0,57,0
22,0,0,1,0,0,0,0,1,176,1
12,1,0,0,0,0,0,1,0,59,1
2,0,1,0,0,0,0,0,1,120,1
23,0,0,0,1,0,0,1,0,69,0
23,1,0,0,0,1,0,0,0,156,0
18,0,1,0,0,0,0,0,1,154,1
22,0,0,0,1,0,0,0,1,72,0
19,1,0,0,0,0,1,0,0,164,1
13,0,1,0,0,0,0,1,0,48,0
15,0,1,0,0,0,0,0,1,14,1
20,1,0,0,0,1,0,0,0,129,0
0,0,1,0,0,1,0,0,0,135,1
10,0,0,0,1,0,0,0,1,195,1
21,0,1,0,0,0,0,0,1,7,0
23,0,1,0,0,1,0,0,0,157,0
22,0,0,1,0,1,0,0,0,172,1
0,0,0,1,0,1,0,0,0,46,1
9,0,0,1,0,0,1,0,0,178,1
2,0,0,0,1,0,0,0,1,176,0
10,0,0,0,1,0,1,0,0,151,0
1,0,0,0,1,0,0,0,1,5,0
18,0,0,0,1,1,0,0,0,113,0
21,0,0,1,0,0,0,0,1,128,0
22,0,0,1,0,1,0,0,0,2,1
7,1,0,0,0,0,0,1,0,126,0
14,0,1,0,0,0,1,0,0,148,1
8,0,0,0,1,0,1,0,0,137,0
18,0,0,1,0,0,1,0,0,4,1
4,0,0,0,1,0,0,1,0,58,0
7,1,0,0,0,0,1,0,0,62,1
4,0,0,0,1,0,0,0,1,74,1
15,1,0,0,0,0,0,0,1,155,0
18,0,0,1,0,1,0,0,0,111,0
9,1,0,0,0,0,0,1,0,64,0
19,0,0,1,0,0,0,0,1,177,1
6,0,0,1,0,0,1,0,0,161,1
10,0,0,0,1,0,1,0,0,168,1
18,0,0,0,1,0,0,0,1,18,1
7,0,0,0,1,1,0,0,0,90,1
10,0,0,0,1,0,0,1,0,65,1
22,0,1,0,0,1,0,0,0,82,0
4,0,1,0,0,0,0,1,0,50,0
14,0,1,0,0,0,0,1,0,154,0
12,0,0,0,1,0,0,1,0,148,0
0,0,0,0,1,0,1,0,0,50,0
18,0,0,0,1,0,0,1,0,38,1
18,0,0,1,0,1,0,0,0,65,1
9,0,0,1,0,0,0,1,0,155,1
7,0,0,0,1,0,0,1,0,126,0
5,0,1,0,0,0,1,0,0,83,0
4,1,0,0,0,1,0,0,0,191,1
18,0,1,0,0,1,0,0,0,178,1
3,0,1,0,0,0,1,0,0,28,0
22,1,0,0,0,0,0,0,1,25,0
18,0,0,1,0,0,1,0,0,84,1
11,1,0,0,0,1,0,0,0,192,1
5,0,0,1,0,0,1,0,0,41,0
1,0,0,0,1,0,0,1,0,42,0
19,0,0,0,1,0,0,1,0,199,0
12,0,0,1,0,1,0,0,0,84,1
9,0,0,1,0,0,0,0,1,77,1
3,1,0,0,0,0,1,0,0,22,0
1,0,0,1,0,0,0,1,0,143,0
10,1,0,0,0,1,0,0,0,69,0
4,0,0,1,0,0,0,1,0,26,1
0,0,1,0,0,1,0,0,0,36,0
1,0,0,0,1,0,0,1,0,77,0
17,0,0,1,0,0,1,0,0,62,0
8,0,0,1,0,0,1,0,0,126,0
2,0,0,1,0,0,0,1,0,190,1
5,0,0,0,1,1,0,0,0,32,0
21,0,0,0,1,0,1,0,0,16,1
17,1,0,0,0,1,0,0,0,147,1
18,0,0,0,1,0,0,1,0,190,1
2,0,0,0,1,1,0,0,0,10,1
10,0,0,0,1,0,0,1,0,73,1
1,0,1,0,0,0,1,0,0,166,1
2,0,0,1,0,0,0,0,1,156,1
12,0,0,0,1,0,1,0,0,59,1
22,1,0,0,0,0,1,0,0,135,1
21,1,0,0,0,0,0,0,1,137,1
0,0,0,1,0,0,1,0,0,195,1
22,0,1,0,0,1,0,0,0,110,1
10,1,0,0,0,0,0,0,1,54,1
3,0,0,1,0,0,0,1,0,174,1
4,0,0,0,1,0,1,0,0,32,0
18,1,0,0,0,0,0,1,0,136,0
20,1,0,0,0,0,0,0,1,125,0
12,1,0,0,0,0,0,1,0,18,1
10,0,0,1,0,0,0,1,0,141,1
22,0,0,0,1,1,0,0,0,66,1
19,0,0,1,0,0,1,0,0,102,1
4,0,1,0,0,0,1,0,0,195,0
20,0,0,0,1,0,0,0,1,57,0
7,1,0,0,0,1,0,0,0,155,1
15,0,0,0,1,0,0,0,1,92,0
7,0,0,1,0,1,0,0,0,48,1
12,0,0,1,0,0,1,0,0,117,0
10,0,0,1,0,0,0,1,0,12,0
21,1,0,0,0,0,0,0,1,20,1
23,0,0,0,1,0,1,0,0,100,1
9,0,0,0,1,0,0,1,0,35,1
6,0,1,0,0,0,0,0,1,99,0
16,0,1,0,0,1,0,0,0,102,1
13,0,1,0,0,0,0,0,1,59,0
19,0,0,0,1,0,0,1,0,57,1
3,1,0,0,0,1,0,0,0,187,1
11,0,0,1,0,0,0,0,1,100,1
14,0,1,0,0,0,0,0,1,15,0
23,0,1,0,0,0,0,1,0,30,1
9,1,0,0,0,0,0,1,0,84,1
13,0,0,1,0,0,0,0,1,139,0
11,0,0,1,0,0,0,1,0,81,1
22,0,1,0,0,1,0,0,0,78,0
16,1,0,0,0,0,1,0,0,72,0
8,0,1,0,0,0,0,1,0,19,1
2,1,0,0,0,0,0,0,1,61,1
11,0,1,0,0,0,0,1,0,165,0
12,1,0,0,0,0,0,1,0,84,0
22,0,1,0,0,1,0,0,0,60,0
13,0,0,1,0,0,0,1,0,25,1
7,0,1,0,0,0,0,0,1,41,1
20,0,1,0,0,0,1,0,0,151,0
8,0,0,1,0,0,1,0,0,143,0
4,0,0,1,0,1,0,0,0,99,1
17,1,0,0,0,0,0,1,0,125,1
4,1,0,0,0,0,0,0,1,154,0
3,0,1,0,0,0,0,0,1,169,0
4,0,1,0,0,1,0,0,0,0,0
9,0,0,0,1,0,0,0,1,13,0
10,0,1,0,0,0,1,0,0,89,1
16,0,1,0,0,0,1,0,0,1,0
9,0,0,0,1,0,0,0,1,80,1
16,0,0,0,1,0,1,0,0,85,0
7,1,0,0,0,0,1,0,0,121,0
11,1,0,0,0,0,0,1,0,139,1
7,0,0,1,0,0,1,0,0,184,1
10,0,0,0,1,0,1,0,0,139,0
19,0,1,0,0,1,0,0,0,97,1
9,1,0,0,0,0,1,0,0,118,0
22,0,0,1,0,0,0,1,0,134,0
11,0,1,0,0,0,0,0,1,28,0
9,0,0,0,1,0,1,0,0,80,1
7,0,0,0,1,0,0,0,1,144,1
19,1,0,0,0,0,1,0,0,128,0
23,0,0,0,1,0,1,0,0,162,1
8,0,0,0,1,0,1,0,0,132,0
14,0,0,1,0,0,1,0,0,162,1
13,0,0,0,1,0,0,1,0,168,1
6,0,0,0,1,0,0,1,0,163,0
18,1,0,0,0,0,0,0,1,90,0
8,0,1,0,0,0,0,1,0,20,1
0,0,0,0,1,1,0,0,0,60,0
9,0,1,0,0,0,0,0,1,145,1
12,1,0,0,0,1,0,0,0,187,0
4,0,0,0,1,0,0,0,1,179,0
3,1,0,0,0,0,1,0,0,22,1
3,1,0,0,0,1,0,0,0,27,1
18,0,1,0,0,0,1,0,0,100,1
8,0,0,1,0,0,0,0,1,172,1
6,0,0,0,1,0,0,1,0,26,1
17,1,0,0,0,1,0,0,0,192,1
7,0,0,0,1,0,0,1,0,92,1
5,0,0,1,0,0,0,1,0,33,1
17,0,0,0,1,0,1,0,0,161,1
7,1,0,0,0,0,0,1,0,36,1
19,0,0,0,1,0,0,1,0,146,0
9,0,1,0,0,1,0,0,0,180,1
20,0,0,0,1,1,0,0,0,82,0
14,0,0,1,0,1,0,0,0,119,1
21,0,0,0,1,1,0,0,0,49,0
18,1,0,0,0,0,0,1,0,128,0
10,0,0,1,0,0,0,0,1,163,1
18,0,1,0,0,0,0,0,1,3,1
16,0,0,0,1,0,0,1,0,60,1
6,0,0,1,0,1,0,0,0,180,1
10,1,0,0,0,1,0,0,0,54,1
9,0,0,0,1,1,0,0,0,17,1
12,0,0,0,1,0,0,0,1,7,1
5,0,1,0,0,1,0,0,0,51,1
2,1,0,0,0,0,0,0,1,152,1
1,0,1,0,0,0,1,0,0,65,0
9,0,1,0,0,0,1,0,0,103,0
20,0,1,0,0,0,1,0,0,68,1
18,0,1,0,0,0,1,0,0,153,0
10,0,0,1,0,1,0,0,0,177,1
7,1,0,0,0,0,0,1,0,81,1
14,0,1,0,0,0,1,0,0,23,1
14,0,1,0,0,1,0,0,0,15,0
17,1,0,0,0,0,0,1,0,66,1
3,1,0,0,0,1,0,0,0,84,1
3,1,0,0,0,0,1,0,0,183,0
11,0,0,0,1,0,0,1,0,23,0
3,1,0,0,0,1,0,0,0,6,1
10,0,0,0,1,1,0,0,0,67,1
11,0,0,0,1,0,0,0,1,1,1
14,1,0,0,0,1,0,0,0,114,0
12,1,0,0,0,0,1,0,0,43,1
2,0,0,1,0,0,1,0,0,20,0
6,0,1,0,0,1,0,0,0,105,0
6,0,1,0,0,0,0,0,1,22,1
7,1,0,0,0,0,1,0,0,33,0
20,0,1,0,0,1,0,0,0,49,1
16,0,1,0,0,0,0,0,1,160,0
12,0,1,0,0,0,0,1,0,188,1
15,0,0,0,1,0,0,0,1,13,1
10,0,0,0,1,0,0,0,1,167,0
17,0,0,1,0,1,0,0,0,108,1
7,0,0,1,0,0,1,0,0,169,0
20,0,0,1,0,1,0,0,0,183,1
10,0,0,0,1,1,0,0,0,70,0
20,0,0,0,1,0,0,1,0,131,1
3,0,0,1,0,1,0,0,0,62,0
9,0,0,1,0,0,0,0,1,22,0
2,0,0,1,0,1,0,0,0,168,1
17,0,0,0,1,0,0,0,1,8,1
0,0,0,1,0,1,0,0,0,118,1
4,0,0,0,1,0,1,0,0,100,1
11,0,0,0,1,1,0,0,0,52,0
18,0,0,0,1,0,0,0,1,52,0
2,0,0,1,0,1,0,0,0,170,0
0,1,0,0,0,0,0,0,1,186,0
8,1,0,0,0,1,0,0,0,75,1
15,0,0,0,1,1,0,0,0,143,0
3,0,1,0,0,0,0,1,0,183,0
21,0,0,1,0,0,0,0,1,193,0
20,0,0,1,0,0,1,0,0,106,0
12,0,0,1,0,0,1,0,0,193,1
22,0,0,1,0,0,0,0,1,35,1
18,1,0,0,0,0,1,0,0,185,1
8,1,0,0,0,0,1,0,0,23,1
5,0,0,0,1,1,0,0,0,107,0
11,0,0,1,0,0,1,0,0,121,0
8,0,1,0,0,1,0,0,0,70,1
13,0,0,1,0,0,1,0,0,114,1
13,0,1,0,0,1,0,0,0,193,1
0,1,0,0,0,1,0,0,0,141,1
3,1,0,0,0,0,0,0,1,154,0
3,0,1,0,0,0,0,1,0,123,0
18,0,0,1,0,1,0,0,0,30,1
5,1,0,0,0,0,0,1,0,131,0
18,1,0,0,0,0,0,0,1,140,0
3,0,0,1,0,0,0,0,1,43,1
23,0,0,1,0,1,0,0,0,39,1
8,0,0,1,0,0,0,1,0,142,1
1,1,0,0,0,1,0,0,0,106,0
2,1,0,0,0,1,0,0,0,146,0
23,0,0,0,1,1,0,0,0,189,1
17,0,0,1,0,0,0,0,1,78,0
7,0,1,0,0,0,1,0,0,86,1
13,0,0,0,1,0,1,0,0,164,0
8,0,1,0,0,1,0,0,0,102,1
2,0,0,0,1,0,0,1,0,72,1
18,0,1,0,0,1,0,0,0,67,1
10,0,0,1,0,1,0,0,0,23,1
15,0,0,1,0,1,0,0,0,157,0
20,0,0,0,1,0,0,0,1,10,1
10,1,0,0,0,1,0,0,0,107,1
18,0,0,0,1,0,0,0,1,41,1
10,0,0,0,1,0,0,1,0,126,1
13,0,0,1,0,0,0,1,0,92,1
5,0,1,0,0,0,0,1,0,25,0
3,0,0,0,1,0,0,0,1,159,0
22,0,0,1,0,1,0,0,0,31,1
10,0,0,1,0,0,0,0,1,160,1
5,0,0,1,0,1,0,0,0,108,1
19,0,0,1,0,0,0,0,1,130,0
15,1,0,0,0,0,1,0,0,108,0
21,1,0,0,0,0,0,1,0,172,0
7,0,0,1,0,1,0,0,0,24,0
6,0,0,1,0,0,0,1,0,43,0
23,0,0,1,0,0,0,0,1,108,1
21,0,1,0,0,0,1,0,0,113,1
16,0,0,0,1,0,0,0,1,127,0
3,0,0,1,0,0,0,1,0,128,1
4,0,0,0,1,0,1,0,0,79,1
23,0,0,0,1,0,0,0,1,115,1
5,0,0,0,1,0,0,1,0,101,0
7,1,0,0,0,0,0,0,1,108,0
3,0,0,0,1,0,0,0,1,134,0
2,0,0,0,1,0,0,1,0,36,1
15,0,0,0,1,0,0,0,1,195,0
5,0,1,0,0,1,0,0,0,61,1
18,0,0,0,1,1,0,0,0,103,1
6,0,0,1,0,1,0,0,0,19,1
13,0,0,0,1,0,0,1,0,69,0
23,1,0,0,0,1,0,0,0,167,0
21,0,1,0,0,0,0,0,1,85,1
22,1,0,0,0,0,1,0,0,88,1
11,1,0,0,0,0,0,0,1,165,0
23,0,0,1,0,0,0,0,1,9,0
15,1,0,0,0,0,1,0,0,54,0
2,0,1,0,0,1,0,0,0,159,1
1,0,0,1,0,0,0,1,0,170,0
15,0,1,0,0,0,1,0,0,4,1
19,0,0,1,0,0,0,1,0,86,1
22,0,1,0,0,0,0,0,1,122,1
21,1,0,0,0,0,0,0,1,47,0
17,0,0,1,0,0,0,1,0,31,0
17,0,1,0,0,0,1,0,0,181,0
18,1,0,0,0,1,0,0,0,186,1
13,0,0,0,1,0,0,0,1,45,0
18,0,0,0,1,0,1,0,0,144,0
11,0,0,1,0,0,1,0,0,70,0
15,0,0,1,0,0,0,1,0,165,0
19,1,0,0,0,0,0,1,0,168,1
20,0,0,1,0,1,0,0,0,37,1
11,0,0,1,0,0,0,1,0,21,0
2,0,0,0,1,0,0,0,1,137,1
0,1,0,0,0,1,0,0,0,81,0
14,0,0,0,1,0,1,0,0,119,1
5,0,1,0,0,0,1,0,0,57,0
2,1,0,0,0,1,0,0,0,44,1
20,1,0,0,0,0,1,0,0,12,0
4,0,0,0,1,1,0,0,0,193,1
16,0,0,0,1,0,0,0,1,36,1
16,0,1,0,0,0,0,1,0,176,1
0,0,0,1,0,0,0,0,1,124,0
15,1,0,0,0,1,0,0,0,104,1
22,0,1,0,0,0,0,0,1,33,1
12,1,0,0,0,0,0,1,0,117,0
4,0,0,0,1,1,0,0,0,82,1
10,1,0,0,0,1,0,0,0,94,1
6,0,1,0,0,0,0,0,1,57,1
17,0,0,1,0,1,0,0,0,143,1
2,0,1,0,0,0,0,1,0,89,1
7,1,0,0,0,1,0,0,0,86,1
19,1,0,0,0,0,1,0,0,86,0
14,1,0,0,0,0,0,0,1,178,1
22,0,0,1,0,0,0,0,1,172,1
11,1,0,0,0,0,0,0,1,152,1
5,0,0,1,0,0,1,0,0,29,1
17,0,0,0,1,0,0,1,0,184,1
20,1,0,0,0,0,1,0,0,129,0
19,1,0,0,0,0,0,0,1,135,1
19,0,1,0,0,0,1,0,0,148,1
6,0,0,1,0,0,1,0,0,96,0
7,0,1,0,0,1,0,0,0,32,1
3,0,0,1,0,0,1,0,0,191,0
14,0,0,1,0,0,0,1,0,61,0
11,0,0,0,1,0,1,0,0,28,1
5,0,1,0,0,0,0,1,0,145,0
5,1,0,0,0,0,1,0,0,170,1
9,0,0,1,0,1,0,0,0,96,0
21,0,0,1,0,1,0,0,0,57,1
14,0,1,0,0,1,0,0,0,182,1
18,0,0,0,1,0,0,1,0,70,1
14,0,0,0,1,0,1,0,0,164,0
3,1,0,0,0,1,0,0,0,23,1
13,0,1,0,0,0,0,0,1,119,0
12,0,1,0,0,0,0,1,0,45,1
23,0,0,1,0,0,1,0,0,60,0
11,0,0,1,0,1,0,0,0,88,1
22,0,0,0,1,0,0,1,0,72,0
16,0,0,0,1,0,0,1,0,173,1
23,1,0,0,0,0,0,0,1,169,1
23,0,0,0,1,0,0,1,0,19,1
18,0,0,0,1,0,0,0,1,154,1
18,0,0,1,0,1,0,0,0,33,0
18,1,0,0,0,1,0,0,0,97,0
23,0,1,0,0,0,1,0,0,159,1
23,0,1,0,0,0,1,0,0,163,1
3,0,1,0,0,1,0,0,0,116,0
12,0,1,0,0,0,0,1,0,58,1
4,0,0,1,0,0,0,1,0,23,0
17,0,0,0,1,1,0,0,0,168,0
19,0,0,1,0,1,0,0,0,50,1
5,0,0,0,1,0,0,1,0,89,1
10,0,0,1,0,0,1,0,0,23,1
11,0,0,0,1,1,0,0,0,58,1
5,0,0,0,1,0,0,0,1,112,1
7,1,0,0,0,0,0,1,0,15,0
19,1,0,0,0,0,0,0,1,16,1
20,1,0,0,0,0,0,0,1,70,0
7,0,0,0,1,0,0,0,1,143,0
17,0,1,0,0,0,1,0,0,63,1
5,0,0,1,0,1,0,0,0,58,1
10,1,0,0,0,0,0,1,0,92,1
9,0,1,0,0,1,0,0,0,185,1
19,0,0,0,1,0,0,0,1,172,1
14,1,0,0,0,0,0,1,0,165,0
20,1,0,0,0,0,1,0,0,102,1
0,0,0,1,0,1,0,0,0,55,0
1,1,0,0,0,1,0,0,0,64,0
16,1,0,0,0,0,0,1,0,186,0
7,0,1,0,0,0,0,0,1,46,0
15,0,0,1,0,1,0,0,0,20,1
9,1,0,0,0,0,0,1,0,180,1
8,0,0,1,0,0,0,1,0,146,0
17,1,0,0,0,0,1,0,0,90,0
6,0,0,0,1,1,0,0,0,95,0
2,1,0,0,0,1,0,0,0,84,1
16,0,0,0,1,0,1,0,0,24,0
18,0,1,0,0,0,1,0,0,105,1
9,1,0,0,0,0,0,1,0,29,1
9,1,0,0,0,0,0,0,1,152,0
18,0,0,1,0,1,0,0,0,69,1
9,0,0,0,1,0,0,1,0,141,1
19,0,0,1,0,0,0,0,1,147,1
10,0,1,0,0,0,1,0,0,165,1
23,1,0,0,0,0,0,1,0,23,0
23,0,1,0,0,0,0,1,0,162,0
22,1,0,0,0,1,0,0,0,144,0
7,0,1,0,0,0,1,0,0,57,0
4,1,0,0,0,0,0,1,0,26,0
6,0,1,0,0,0,1,0,0,85,1
11,0,0,0,1,0,0,0,1,117,1
1,0,0,1,0,1,0,0,0,95,1
6,0,1,0,0,0,0,1,0,58,0
20,0,0,0,1,0,0,0,1,196,1
16,0,0,0,1,0,0,0,1,130,1
14,0,1,0,0,0,0,1,0,12,1
18,0,1,0,0,0,1,0,0,151,0
19,1,0,0,0,0,0,0,1,105,0
2,0,0,0,1,0,1,0,0,36,1
0,1,0,0,0,1,0,0,0,4,0
6,0,0,0,1,0,1,0,0,103,1
8,0,1,0,0,0,0,0,1,187,0
2,1,0,0,0,0,1,0,0,43,0
5,0,0,1,0,1,0,0,0,140,0
0,1,0,0,0,1,0,0,0,159,0
12,1,0,0,0,0,0,0,1,176,0
7,0,0,0,1,0,0,1,0,78,0
15,0,0,0,1,1,0,0,0,121,1
18,0,0,1,0,1,0,0,0,161,0
18,0,1,0,0,1,0,0,0,122,1
10,0,1,0,0,0,1,0,0,46,0
6,0,1,0,0,0,0,1,0,112,1
22,1,0,0,0,0,0,0,1,115,0
7,0,0,1,0,1,0,0,0,94,0
20,0,0,1,0,0,0,0,1,108,0
15,0,1,0,0,0,0,1,0,155,0
20,0,1,0,0,0,1,0,0,175,1
21,0,0,0,1,1,0,0,0,49,1
5,0,0,1,0,0,1,0,0,40,1
1,0,0,0,1,0,0,0,1,49,0
1,0,0,0,1,0,0,0,1,100,0
18,0,1,0,0,0,1,0,0,99,1
8,0,0,0,1,0,0,0,1,88,0
3,0,1,0,0,0,0,1,0,183,1
9,0,1,0,0,0,1,0,0,49,0
12,0,1,0,0,0,1,0,0,141,0
3,1,0,0,0,0,0,1,0,61,0
20,0,1,0,0,0,1,0,0,171,0
20,1,0,0,0,1,0,0,0,77,0
17,1,0,0,0,1,0,0,0,52,1
8,1,0,0,0,0,0,1,0,92,0
22,0,1,0,0,0,0,0,1,179,1
22,1,0,0,0,1,0,0,0,153,1
18,0,0,1,0,0,0,1,0,103,0
11,0,0,0,1,0,1,0,0,175,0
18,0,0,0,1,0,0,1,0,33,1
18,0,0,0,1,0,0,1,0,152,1
3,1,0,0,0,0,1,0,0,82,1
17,0,1,0,0,0,1,0,0,148,1
21,1,0,0,0,0,1,0,0,154,0
14,1,0,0,0,0,1,0,0,104,1
17,0,0,0,1,0,1,0,0,31,1
6,1,0,0,0,0,1,0,0,173,0
17,0,0,1,0,1,0,0,0,13,0
8,0,0,1,0,0,1,0,0,64,1
6,1,0,0,0,0,0,1,0,38,0
19,0,0,0,1,1,0,0,0,124,1
21,0,0,0,1,1,0,0,0,21,0
15,0,1,0,0,0,0,1,0,10,0
23,1,0,0,0,1,0,0,0,123,1
17,1,0,0,0,0,1,0,0,84,0
7,0,0,1,0,0,0,0,1,18,1
7,1,0,0,0,0,1,0,0,190,1
3,1,0,0,0,1,0,0,0,78,1
10,1,0,0,0,1,0,0,0,172,0
1,0,0,1,0,0,0,1,0,135,1
16,1,0,0,0,0,1,0,0,84,0
10,0,0,0,1,0,0,1,0,126,0
11,0,0,1,0,0,1,0,0,177,0
3,0,1,0,0,0,1,0,0,189,0
9,1,0,0,0,1,0,0,0,25,0
17,0,1,0,0,0,1,0,0,107,0
9,0,0,1,0,1,0,0,0,55,1
6,0,0,1,0,0,0,1,0,17,1
14,1,0,0,0,0,0,0,1,174,0
1,0,0,0,1,0,0,1,0,78,1
0,0,0,1,0,1,0,0,0,103,1
9,0,0,1,0,0,0,0,1,78,1
21,0,0,0,1,0,0,1,0,176,1
7,1,0,0,0,0,0,1,0,15,1
7,0,0,1,0,0,0,1,0,81,1
17,0,1,0,0,0,0,1,0,189,0
23,1,0,0,0,0,1,0,0,24,0
11,1,0,0,0,1,0,0,0,161,1
4,0,0,1,0,0,1,0,0,41,0
13,0,0,1,0,0,1,0,0,138,1
15,0,0,0,1,0,1,0,0,156,1
10,1,0,0,0,0,0,0,1,53,1
1,1,0,0,0,1,0,0,0,36,0
2,0,0,1,0,0,1,0,0,115,0
3,0,0,1,0,1,0,0,0,97,1
22,0,0,1,0,1,0,0,0,140,1
12,0,0,1,0,0,1,0,0,10,1
19,0,0,0,1,0,0,1,0,30,0
18,0,0,1,0,1,0,0,0,179,1
7,0,1,0,0,0,0,0,1,196,1
22,0,0,0,1,0,0,0,1,128,1
21,0,0,1,0,0,1,0,0,50,0
23,0,1,0,0,0,1,0,0,14,0
10,0,0,0,1,0,0,1,0,94,1
4,0,0,1,0,0,0,1,0,129,1
22,0,0,1,0,0,1,0,0,107,1
22,1,0,0,0,0,0,1,0,60,0
12,0,1,0,0,0,0,0,1,148,1
6,1,0,0,0,0,0,1,0,79,0
8,0,1,0,0,0,0,1,0,34,0
17,0,0,0,1,0,0,1,0,134,0
0,0,0,0,1,0,1,0,0,185,1
6,1,0,0,0,0,1,0,0,126,1
22,0,1,0,0,0,0,1,0,60,1
3,0,0,1,0,0,0,0,1,101,1
16,0,0,0,1,0,1,0,0,84,1
4,0,0,0,1,1,0,0,0,45,0
0,0,1,0,0,0,1,0,0,75,1
19,1,0,0,0,0,0,0,1,157,1
6,0,0,1,0,1,0,0,0,164,1
4,0,0,0,1,0,1,0,0,31,1
16,0,1,0,0,0,0,0,1,165,0
10,1,0,0,0,0,0,1,0,171,0
16,0,0,1,0,1,0,0,0,82,1
6,0,0,1,0,0,1,0,0,16,0
17,0,0,1,0,0,1,0,0,47,1
8,0,0,0,1,0,0,1,0,46,1
23,1,0,0,0,0,1,0,0,198,0
10,1,0,0,0,1,0,0,0,82,1
10,0,1,0,0,0,0,0,1,96,1
17,1,0,0,0,0,1,0,0,173,0
0,0,0,1,0,0,0,0,1,198,0
23,0,0,1,0,0,0,0,1,110,1
15,0,0,0,1,0,1,0,0,19,1
13,0,1,0,0,0,0,0,1,140,0
10,0,0,1,0,1,0,0,0,19,0
7,0,0,0,1,0,1,0,0,60,0
7,0,1,0,0,0,0,0,1,158,0
0,0,1,0,0,0,0,1,0,171,0
5,0,1,0,0,0,0,0,1,104,0
3,0,1,0,0,0,1,0,0,37,0
3,0,0,1,0,1,0,0,0,173,1
0,0,0,0,1,1,0,0,0,95,0
10,0,0,1,0,1,0,0,0,176,1
3,1,0,0,0,1,0,0,0,175,1
10,0,0,1,0,0,1,0,0,160,1
16,0,0,1,0,0,0,1,0,175,1
6,0,1,0,0,0,1,0,0,68,0
17,0,0,0,1,1,0,0,0,2,1
23,0,0,1,0,1,0,0,0,114,0
1,0,1,0,0,1,0,0,0,154,0
8,0,1,0,0,0,0,1,0,74,0
8,0,1,0,0,0,0,1,0,154,0
3,0,0,1,0,1,0,0,0,43,1
19,0,0,1,0,0,0,0,1,34,0
22,1,0,0,0,1,0,0,0,89,0
14,0,0,0,1,0,0,0,1,72,0
8,1,0,0,0,1,0,0,0,58,0
23,0,0,0,1,0,1,0,0,120,0
18,0,0,1,0,0,1,0,0,149,0
4,0,1,0,0,0,0,1,0,177,1
19,0,0,1,0,0,0,1,0,3,0
12,0,0,1,0,1,0,0,0,166,0
3,1,0,0,0,1,0,0,0,176,0
3,0,0,1,0,0,1,0,0,128,0
6,1,0,0,0,0,0,1,0,44,0
19,1,0,0,0,0,1,0,0,2,1
3,1,0,0,0,0,0,1,0,164,0
10,0,1,0,0,0,1,0,0,67,0
16,1,0,0,0,0,0,1,0,19,1
1,0,0,0,1,0,0,0,1,81,0
18,0,0,1,0,1,0,0,0,147,1
19,0,0,1,0,1,0,0,0,78,1
22,0,0,1,0,1,0,0,0,71,1
19,1,0,0,0,0,0,1,0,93,1
5,0,0,0,1,0,0,1,0,36,1
22,0,1,0,0,1,0,0,0,29,0
20,0,0,0,1,0,0,0,1,149,0
7,0,1,0,0,0,1,0,0,131,0
7,0,0,1,0,0,1,0,0,150,0
16,1,0,0,0,0,1,0,0,187,0
15,0,0,1,0,0,0,1,0,82,1
14,0,0,1,0,0,1,0,0,18,0
23,0,0,0,1,0,0,1,0,185,1
13,1,0,0,0,0,0,0,1,136,0
23,1,0,0,0,1,0,0,0,25,0
18,0,0,0,1,0,1,0,0,83,1
7,0,0,1,0,0,1,0,0,122,0
18,1,0,0,0,0,0,0,1,50,0
21,0,0,1,0,0,1,0,0,86,0
0,0,0,1,0,1,0,0,0,46,1
13,1,0,0,0,0,0,1,0,11,1
15,0,1,0,0,1,0,0,0,140,1
13,0,0,1,0,0,1,0,0,169,0
9,0,0,0,1,1,0,0,0,73,1
3,0,0,0,1,0,1,0,0,36,1
22,0,1,0,0,1,0,0,0,31,0
5,0,0,1,0,0,0,1,0,89,0
2,0,1,0,0,0,0,1,0,55,1
13,0,0,0,1,0,1,0,0,144,1
14,0,0,1,0,1,0,0,0,110,1
11,0,1,0,0,0,0,0,1,153,1
4,1,0,0,0,1,0,0,0,68,0
22,0,0,1,0,0,0,1,0,143,0
3,0,0,1,0,1,0,0,0,1,1
4,0,1,0,0,1,0,0,0,37,0
3,0,0,0,1,1,0,0,0,195,0
21,0,1,0,0,0,0,0,1,162,0
3,1,0,0,0,0,0,0,1,163,0
18,1,0,0,0,0,0,0,1,175,1
3,0,1,0,0,1,0,0,0,2,1
12,0,0,0,1,1,0,0,0,6,1
11,1,0,0,0,1,0,0,0,148,1
8,1,0,0,0,0,1,0,0,179,0
10,1,0,0,0,0,0,1,0,92,1
12,0,0,1,0,0,0,1,0,159,0
10,0,1,0,0,0,0,0,1,165,0
10,1,0,0,0,1,0,0,0,37,0
6,0,1,0,0,0,1,0,0,103,1
17,0,0,0,1,0,0,0,1,146,0
5,0,0,1,0,0,0,1,0,173,0
9,0,1,0,0,0,1,0,0,119,0
0,0,0,0,1,1,0,0,0,136,0
16,0,1,0,0,0,0,0,1,32,0
4,0,0,0,1,0,1,0,0,70,1
22,1,0,0,0,0,1,0,0,118,1
4,0,0,1,0,0,1,0,0,29,0
16,0,1,0,0,0,1,0,0,137,0
9,0,0,0,1,0,0,1,0,185,0
8,0,0,1,0,1,0,0,0,132,1
1,0,1,0,0,0,0,1,0,92,0
12,0,0,1,0,0,1,0,0,171,1
6,0,1,0,0,0,0,1,0,68,0
17,0,0,0,1,0,0,0,1,145,1
15,0,1,0,0,0,0,1,0,147,0
17,0,0,1,0,1,0,0,0,174,1
3,0,0,1,0,0,0,0,1,52,1
5,0,1,0,0,0,0,1,0,32,0
10,0,0,0,1,0,0,1,0,31,0
20,1,0,0,0,1,0,0,0,83,1
5,0,0,0,1,0,0,0,1,51,1
14,1,0,0,0,0,0,1,0,161,1
23,0,1,0,0,1,0,0,0,75,0
22,0,0,1,0,0,0,1,0,195,1
5,0,0,1,0,1,0,0,0,60,1
14,1,0,0,0,1,0,0,0,196,1
0,0,1,0,0,0,1,0,0,56,1
16,0,0,1,0,0,1,0,0,179,0
2,1,0,0,0,0,0,1,0,32,1
11,1,0,0,0,0,0,0,1,154,0
21,0,1,0,0,0,1,0,0,151,1
7,0,1,0,0,0,0,0,1,123,1
18,0,1,0,0,1,0,0,0,157,1
6,1,0,0,0,1,0,0,0,72,0
3,0,0,0,1,0,0,1,0,130,0
6,1,0,0,0,0,0,1,0,6,1
4,1,0,0,0,1,0,0,0,44,1
10,0,0,0,1,1,0,0,0,194,0
15,0,0,0,1,0,0,1,0,44,1
9,0,1,0,0,0,1,0,0,5,0
15,0,1,0,0,0,0,1,0,195,0
0,0,0,1,0,0,0,1,0,142,0
18,1,0,0,0,0,1,0,0,163,1
17,0,0,0,1,0,0,0,1,182,1
20,0,1,0,0,0,1,0,0,29,1
7,0,1,0,0,1,0,0,0,197,1
15,0,0,1,0,0,1,0,0,171,1
21,0,0,0,1,0,0,0,1,36,0
15,0,0,1,0,0,0,0,1,143,1
22,1,0,0,0,0,0,0,1,99,0
2,0,0,1,0,0,0,0,1,145,0
4,1,0,0,0,0,0,1,0,167,0
7,0,0,0,1,0,1,0,0,125,0
2,1,0,0,0,0,0,0,1,133,0
23,0,0,1,0,0,0,0,1,64,1
12,1,0,0,0,0,0,0,1,142,1
14,0,0,1,0,0,0,1,0,155,0
8,0,0,0,1,0,0,1,0,32,0
18,0,0,1,0,0,0,0,1,136,1
9,0,0,1,0,0,0,1,0,84,1
20,1,0,0,0,0,0,0,1,162,1
14,1,0,0,0,1,0,0,0,196,1
19,1,0,0,0,1,0,0,0,44,0
14,0,1,0,0,0,1,0,0,45,1
22,0,0,0,1,0,1,0,0,107,0
5,0,1,0,0,1,0,0,0,109,0
1,1,0,0,0,0,0,1,0,146,1
11,1,0,0,0,0,0,0,1,80,0
1,0,1,0,0,0,0,0,1,68,1
15,1,0,0,0,1,0,0,0,181,0
18,1,0,0,0,1,0,0,0,165,0
13,1,0,0,0,0,1,0,0,75,1
6,0,0,1,0,0,0,0,1,25,0
14,0,0,1,0,1,0,0,0,149,1
11,0,1,0,0,0,0,0,1,143,1
16,0,0,0,1,0,0,1,0,28,1
11,0,1,0,0,0,1,0,0,171,1
18,1,0,0,0,1,0,0,0,173,0
14,1,0,0,0,0,0,0,1,68,1
21,1,0,0,0,1,0,0,0,76,0
13,0,0,0,1,0,1,0,0,172,1
1,1,0,0,0,0,1,0,0,172,0
18,0,0,1,0,0,0,0,1,67,1
2,1,0,0,0,0,1,0,0,154,0
23,0,0,0,1,0,0,1,0,21,0
5,1,0,0,0,0,0,1,0,106,0
1,0,0,0,1,0,1,0,0,91,1
11,0,1,0,0,0,0,1,0,4,0
5,0,1,0,0,0,0,0,1,8,0
8,0,1,0,0,1,0,0,0,125,0
16,0,0,1,0,0,1,0,0,175,1
4,0,0,1,0,1,0,0,0,26,1
3,1,0,0,0,1,0,0,0,129,0
5,1,0,0,0,0,1,0,0,88,0
22,0,0,0,1,1,0,0,0,132,1
18,0,0,0,1,1,0,0,0,110,0
3,0,1,0,0,0,0,0,1,59,1
16,0,0,0,1,1,0,0,0,156,1
22,0,0,1,0,0,0,0,1,154,0
15,1,0,0,0,0,1,0,0,33,1
9,1,0,0,0,0,0,1,0,73,1
1,0,1,0,0,0,0,1,0,85,0
12,0,1,0,0,0,0,1,0,95,1
17,0,0,1,0,0,0,0,1,163,0
7,0,1,0,0,0,1,0,0,103,1
7,0,1,0,0,0,0,1,0,99,0
1,0,1,0,0,0,0,1,0,75,0
12,0,1,0,0,0,1,0,0,34,0
7,0,0,1,0,1,0,0,0,41,0
22,0,1,0,0,1,0,0,0,101,0
19,0,0,0,1,0,0,0,1,153,0
23,0,0,1,0,0,0,0,1,148,1
22,0,0,1,0,0,1,0,0,77,1
20,0,0,0,1,0,0,0,1,149,0
13,0,1,0,0,0,0,1,0,114,1
1,1,0,0,0,1,0,0,0,104,1
8,0,0,1,0,1,0,0,0,165,0
4,0,0,0,1,1,0,0,0,88,1
6,1,0,0,0,0,0,0,1,183,1
0,0,0,1,0,0,0,1,0,172,1
22,1,0,0,0,1,0,0,0,13,1
3,0,0,1,0,0,0,1,0,187,1
3,0,0,0,1,0,0,0,1,189,0
19,0,1,0,0,0,0,1,0,140,0
6,0,1,0,0,0,0,1,0,159,0
11,1,0,0,0,0,1,0,0,75,1
3,0,0,0,1,0,0,1,0,84,1
10,0,0,0,1,0,0,1,0,152,1
8,0,1,0,0,0,0,0,1,88,0
16,1,0,0,0,1,0,0,0,45,0
4,1,0,0,0,0,0,1,0,18,0
16,0,0,0,1,1,0,0,0,84,0
15,0,0,0,1,0,0,1,0,189,0
15,0,1,0,0,1,0,0,0,85,0
9,0,1,0,0,0,0,0,1,119,0
3,0,0,1,0,0,0,1,0,133,1
21,0,0,0,1,0,0,0,1,133,1
16,0,0,0,1,0,0,1,0,53,0
1,0,1,0,0,0,0,1,0,132,1
19,0,1,0,0,0,0,1,0,120,0
11,1,0,0,0,1,0,0,0,77,1
12,0,0,1,0,1,0,0,0,23,0
1,0,1,0,0,0,0,0,1,102,1
23,1,0,0,0,1,0,0,0,65,1
3,0,1,0,0,1,0,0,0,63,0
17,0,0,1,0,0,0,1,0,11,1
3,0,0,1,0,0,0,0,1,23,1
13,0,0,1,0,0,1,0,0,171,0
10,0,1,0,0,0,0,1,0,106,1
22,0,0,1,0,0,0,0,1,33,1
21,1,0,0,0,1,0,0,0,142,1
22,1,0,0,0,0,0,1,0,100,0
7,1,0,0,0,1,0,0,0,117,0
17,0,0,1,0,0,0,0,1,113,0
0,0,0,1,0,0,0,0,1,88,0
4,0,0,0,1,1,0,0,0,153,1
16,0,0,1,0,0,0,0,1,36,1
5,1,0,0,0,0,1,0,0,78,1
11,0,1,0,0,0,1,0,0,160,1
19,1,0,0,0,1,0,0,0,178,0
1,0,1,0,0,0,0,0,1,184,0
14,0,0,0,1,0,1,0,0,144,1
14,0,0,1,0,1,0,0,0,141,1
1,0,1,0,0,0,0,0,1,47,0
21,0,0,1,0,0,0,0,1,12,1
1,1,0,0,0,1,0,0,0,139,1
20,0,0,1,0,0,0,1,0,99,0
14,0,0,0,1,1,0,0,0,149,0
10,1,0,0,0,1,0,0,0,52,0
6,0,0,1,0,1,0,0,0,145,1
20,0,0,1,0,0,0,0,1,58,1
23,0,1,0,0,0,0,0,1,96,0
7,0,1,0,0,0,0,0,1,1,1
5,0,0,0,1,0,0,1,0,144,1
4,1,0,0,0,0,0,1,0,191,1
16,0,0,0,1,0,0,0,1,187,0
10,0,1,0,0,0,0,0,1,84,0
18,1,0,0,0,0,0,1,0,157,0
0,1,0,0,0,1,0,0,0,86,0
1,0,1,0,0,0,1,0,0,88,0
23,1,0,0,0,0,0,0,1,82,1
22,0,1,0,0,0,0,0,1,61,1
10,0,1,0,0,0,1,0,0,34,1
3,0,1,0,0,0,0,0,1,127,0
7,0,0,0,1,0,0,0,1,14,0
20,0,1,0,0,0,1,0,0,135,1
18,0,0,1,0,0,0,0,1,83,1
22,0,1,0,0,0,1,0,0,36,1
2,0,1,0,0,0,1,0,0,150,0
20,0,0,1,0,0,0,0,1,63,0
15,0,0,1,0,0,0,1,0,97,1
6,0,0,0,1,0,1,0,0,29,0
6,0,0,1,0,0,1,0,0,43,1
16,1,0,0,0,1,0,0,0,116,1
20,0,0,1,0,1,0,0,0,15,0
10,0,0,0,1,0,0,0,1,125,0
11,0,1,0,0,1,0,0,0,83,0
15,0,1,0,0,0,0,1,0,87,0
8,1,0,0,0,0,0,0,1,18,0
19,0,1,0,0,1,0,0,0,164,1
2,0,0,0,1,1,0,0,0,111,1
7,0,0,1,0,0,0,1,0,6,0
0,0,1,0,0,0,0,0,1,108,0
13,1,0,0,0,0,0,1,0,86,0
10,0,0,1,0,0,0,0,1,153,0
15,0,0,1,0,0,0,0,1,4,1
16,1,0,0,0,0,0,0,1,1,1
3,0,1,0,0,0,1,0,0,160,0
8,0,0,1,0,1,0,0,0,143,0
21,0,0,0,1,1,0,0,0,88,1
16,0,0,1,0,0,1,0,0,111,1
13,0,0,0,1,0,1,0,0,69,1
15,0,0,0,1,0,1,0,0,179,0
14,1,0,0,0,0,1,0,0,197,0
19,1,0,0,0,0,1,0,0,20,1
15,1,0,0,0,1,0,0,0,121,1
21,0,0,0,1,0,0,1,0,15,1
9,0,0,1,0,0,0,1,0,48,0
9,0,0,0,1,0,0,1,0,95,1
18,0,0,1,0,1,0,0,0,120,0
0,0,0,0,1,0,1,0,0,105,0
20,0,1,0,0,0,0,0,1,37,1
19,0,1,0,0,0,0,1,0,174,0
23,0,0,0,1,0,1,0,0,151,0
8,0,0,1,0,0,0,0,1,199,1
7,0,0,0,1,0,0,0,1,7,1
15,0,0,1,0,0,1,0,0,189,1
7,0,0,0,1,0,0,1,0,126,1
2,0,0,1,0,0,0,0,1,168,1
5,1,0,0,0,1,0,0,0,1,0
13,0,0,0,1,1,0,0,0,176,0
10,1,0,0,0,0,0,0,1,4,0
2,0,0,0,1,0,1,0,0,112,0
7,0,0,1,0,0,0,1,0,40,1
23,0,1,0,0,0,0,1,0,16,0
19,1,0,0,0,0,0,1,0,116,1
21,1,0,0,0,1,0,0,0,94,1
7,0,0,0,1,1,0,0,0,4,0
11,0,0,1,0,0,0,1,0,59,1
5,0,0,0,1,1,0,0,0,146,1
20,1,0,0,0,0,0,1,0,132,0
16,0,0,1,0,0,0,0,1,175,0
8,1,0,0,0,0,0,1,0,75,1
11,0,1,0,0,0,1,0,0,170,1
11,1,0,0,0,1,0,0,0,88,1
17,0,0,1,0,0,0,0,1,7,1
23,1,0,0,0,0,0,0,1,41,1
10,0,0,1,0,0,0,0,1,175,1
22,1,0,0,0,0,1,0,0,6,1
17,0,0,0,1,0,0,0,1,193,0
11,1,0,0,0,0,0,1,0,163,1
2,0,0,0,1,0,0,0,1,183,1
1,0,0,0,1,1,0,0,0,141,0
11,1,0,0,0,1,0,0,0,44,1
16,0,0,1,0,0,1,0,0,170,1
16,0,1,0,0,0,0,1,0,36,1
10,0,0,1,0,0,1,0,0,181,0
7,0,0,1,0,0,0,1,0,149,0
2,0,0,1,0,0,0,0,1,6,1
10,0,1,0,0,0,0,0,1,153,0
5,0,0,1,0,0,1,0,0,44,0
0,0,0,0,1,0,0,1,0,50,1
14,1,0,0,0,1,0,0,0,96,0
11,0,1,0,0,0,0,1,0,124,1
17,0,0,1,0,0,1,0,0,176,0
3,0,0,0,1,1,0,0,0,151,1
17,1,0,0,0,0,1,0,0,119,1
7,0,0,1,0,0,1,0,0,183,1
5,0,1,0,0,0,1,0,0,107,0
4,0,1,0,0,0,0,1,0,143,0
9,0,0,1,0,1,0,0,0,51,1
6,0,0,0,1,0,0,0,1,130,1
2,1,0,0,0,0,1,0,0,191,1
15,1,0,0,0,0,0,1,0,134,1
19,0,1,0,0,0,0,0,1,47,0
16,0,1,0,0,1,0,0,0,83,1
23,1,0,0,0,0,0,1,0,66,0
17,0,0,0,1,0,0,0,1,75,0
22,0,0,0,1,0,1,0,0,11,1
11,1,0,0,0,0,1,0,0,164,1
4,0,0,1,0,0,0,1,0,122,0
6,1,0,0,0,0,0,1,0,134,0
5,0,0,0,1,0,0,1,0,127,1
17,0,0,1,0,0,1,0,0,129,1
23,0,0,0,1,1,0,0,0,16,0
13,0,0,1,0,0,1,0,0,33,1
4,1,0,0,0,0,0,0,1,68,0
16,0,0,1,0,0,0,1,0,132,1
13,0,1,0,0,0,1,0,0,111,1
2,0,1,0,0,0,1,0,0,130,1
14,0,1,0,0,1,0,0,0,165,1
17,0,1,0,0,0,0,0,1,171,0
14,0,1,0,0,0,1,0,0,133,1
17,0,0,0,1,0,0,0,1,136,1
19,1,0,0,0,0,0,0,1,187,0
22,0,0,0,1,0,0,1,0,108,1
22,0,1,0,0,0,1,0,0,37,1
22,0,0,0,1,0,0,1,0,157,0
17,0,0,1,0,0,0,0,1,71,0
15,0,0,1,0,0,1,0,0,93,0
17,0,1,0,0,0,1,0,0,44,1
21,0,1,0,0,1,0,0,0,31,1
8,1,0,0,0,1,0,0,0,176,0
0,0,0,0,1,0,1,0,0,189,1
1,0,0,1,0,0,0,1,0,190,0
1,0,0,1,0,0,1,0,0,118,0
3,1,0,0,0,0,0,0,1,180,0
5,0,0,0,1,0,0,1,0,50,1
7,0,0,1,0,0,0,0,1,177,1
17,0,0,0,1,1,0,0,0,182,0
14,0,0,1,0,0,0,0,1,193,1
21,0,1,0,0,0,1,0,0,188,0
10,0,0,0,1,0,0,0,1,188,1
4,0,1,0,0,1,0,0,0,134,0
23,0,1,0,0,0,1,0,0,54,1
15,0,0,1,0,0,0,1,0,122,1
12,0,1,0,0,0,1,0,0,143,1
21,1,0,0,0,0,0,0,1,115,0
18,0,0,0,1,0,1,0,0,51,0
20,0,0,1,0,0,1,0,0,187,0
0,0,0,1,0,0,0,0,1,176,0
9,0,0,0,1,0,1,0,0,100,1
20,1,0,0,0,0,1,0,0,21,0
1,1,0,0,0,1,0,0,0,37,0
12,0,0,1,0,1,0,0,0,181,1
15,1,0,0,0,0,0,1,0,138,0
20,1,0,0,0,1,0,0,0,116,1
20,1,0,0,0,0,0,1,0,71,0
1,0,1,0,0,0,0,0,1,16,1
1,0,0,1,0,0,0,1,0,49,1
19,1,0,0,0,1,0,0,0,129,0
20,0,1,0,0,0,0,0,1,31,1
6,1,0,0,0,0,0,0,1,155,0
9,0,0,0,1,0,1,0,0,69,1
7,1,0,0,0,1,0,0,0,49,1
17,0,0,1,0,0,1,0,0,74,1
13,1,0,0,0,0,0,0,1,140,1
22,0,0,1,0,0,0,1,0,114,1
19,0,0,1,0,0,1,0,0,60,0
23,1,0,0,0,0,0,0,1,113,1
22,1,0,0,0,0,0,1,0,172,1
16,0,0,0,1,1,0,0,0,82,0
0,0,0,1,0,0,0,1,0,194,1
1,1,0,0,0,0,0,0,1,4,1
22,1,0,0,0,0,0,1,0,45,1
3,0,0,0,1,1,0,0,0,42,0
5,0,0,1,0,0,0,0,1,111,1
19,0,0,1,0,0,0,0,1,112,1
9,0,1,0,0,0,0,0,1,138,0
4,0,0,1,0,0,1,0,0,30,1
3,0,0,0,1,0,0,1,0,7,1
21,0,0,0,1,0,1,0,0,55,1
1,1,0,0,0,1,0,0,0,161,0
5,0,0,1,0,0,0,0,1,12,0
0,0,1,0,0,0,0,1,0,126,1
4,0,1,0,0,0,0,1,0,187,0
4,0,0,0,1,0,0,1,0,195,1
10,0,0,1,0,0,1,0,0,174,0
0,0,1,0,0,1,0,0,0,14,0
0,0,0,1,0,1,0,0,0,34,1
7,0,1,0,0,0,1,0,0,28,0
10,0,1,0,0,1,0,0,0,150,1
18,0,1,0,0,0,0,1,0,48,1
19,0,0,1,0,0,1,0,0,138,0
3,0,0,1,0,1,0,0,0,74,1
3,1,0,0,0,1,0,0,0,93,0
18,1,0,0,0,0,0,0,1,135,0
21,0,0,1,0,1,0,0,0,3,1
20,1,0,0,0,0,0,0,1,31,0
10,0,1,0,0,0,0,1,0,181,1
