4,1,0,0,0,0,0,0,1,46,2
12,1,0,0,0,0,1,0,0,100,3
11,0,0,1,0,1,0,0,0,192,3
9,1,0,0,0,0,1,0,0,109,1
17,0,0,1,0,1,0,0,0,175,3
23,1,0,0,0,0,0,1,0,107,2
14,0,0,0,1,0,0,1,0,93,2
1,0,0,0,1,0,0,1,0,51,2
8,0,0,0,1,1,0,0,0,65,1
16,0,0,0,1,1,0,0,0,180,1
11,0,1,0,0,0,1,0,0,81,3
13,1,0,0,0,1,0,0,0,5,1
6,0,0,1,0,1,0,0,0,68,1
10,0,1,0,0,0,1,0,0,35,3
9,0,0,1,0,0,0,0,1,25,3
2,0,0,1,0,0,1,0,0,148,3
9,0,0,1,0,1,0,0,0,137,1
2,0,0,1,0,0,1,0,0,55,2
18,0,0,1,0,0,1,0,0,91,2
9,0,1,0,0,0,0,0,1,131,1
23,1,0,0,0,0,0,1,0,73,1
11,0,1,0,0,0,0,0,1,112,3
16,0,0,0,1,1,0,0,0,35,1
11,0,0,1,0,1,0,0,0,164,2
15,0,1,0,0,0,0,1,0,189,1
0,0,1,0,0,0,1,0,0,23,1
10,0,1,0,0,0,0,1,0,183,3
1,1,0,0,0,1,0,0,0,31,2
6,0,0,0,1,0,0,1,0,25,3
12,0,0,1,0,0,0,0,1,151,3
10,0,1,0,0,1,0,0,0,63,1
0,0,1,0,0,0,0,0,1,12,2
19,1,0,0,0,0,0,1,0,100,1
22,0,0,1,0,1,0,0,0,96,3
14,0,0,1,0,1,0,0,0,49,3
17,0,0,0,1,0,0,0,1,167,1
10,1,0,0,0,0,1,0,0,195,2
18,1,0,0,0,0,0,0,1,182,1
12,1,0,0,0,0,0,1,0,98,3
4,0,0,0,1,0,1,0,0,138,1
16,0,0,0,1,1,0,0,0,175,2
14,1,0,0,0,0,0,0,1,181,2
5,0,1,0,0,0,0,0,1,124,1
18,0,0,1,0,0,0,0,1,122,1
4,0,0,1,0,1,0,0,0,54,2
4,1,0,0,0,1,0,0,0,196,2
16,0,0,0,1,1,0,0,0,107,3
21,0,1,0,0,0,0,0,1,22,3
18,1,0,0,0,0,0,1,0,7,1
21,1,0,0,0,0,0,1,0,45,1
18,1,0,0,0,0,0,1,0,163,2
3,0,0,1,0,0,0,1,0,153,1
4,0,0,1,0,0,0,0,1,54,1
14,1,0,0,0,0,1,0,0,46,2
5,0,1,0,0,1,0,0,0,74,2
15,0,0,0,1,1,0,0,0,108,3
15,1,0,0,0,1,0,0,0,117,2
10,0,0,1,0,0,1,0,0,47,1
21,0,1,0,0,0,1,0,0,137,2
21,0,0,1,0,0,0,0,1,121,2
15,0,0,1,0,1,0,0,0,148,2
4,0,0,1,0,0,0,0,1,148,3
13,0,0,1,0,0,1,0,0,195,3
5,0,0,1,0,0,0,0,1,128,3
2,0,0,0,1,0,0,0,1,137,3
15,0,1,0,0,0,1,0,0,118,1
7,0,1,0,0,0,1,0,0,190,1
2,0,1,0,0,0,0,1,0,35,3
11,0,0,0,1,0,0,1,0,21,2
20,0,1,0,0,0,0,1,0,58,1
7,0,0,1,0,0,1,0,0,131,1
11,0,0,1,0,0,0,1,0,20,3
17,0,1,0,0,0,1,0,0,159,1
11,0,0,1,0,0,1,0,0,128,2
11,0,0,1,0,0,0,1,0,82,1
14,0,0,0,1,0,0,0,1,170,1
22,0,0,1,0,0,1,0,0,195,3
5,0,0,0,1,0,1,0,0,67,3
3,0,1,0,0,0,0,1,0,125,1
13,0,1,0,0,0,1,0,0,192,2
6,0,0,0,1,0,0,0,1,11,2
9,1,0,0,0,0,0,0,1,96,2
20,0,0,1,0,0,1,0,0,108,1
12,1,0,0,0,1,0,0,0,94,2
3,0,0,0,1,0,0,0,1,186,2
16,0,0,0,1,0,0,1,0,127,3
1,1,0,0,0,1,0,0,0,34,1
2,0,0,0,1,0,0,1,0,88,1
23,1,0,0,0,0,1,0,0,180,1
15,0,1,0,0,0,1,0,0,58,1
5,1,0,0,0,0,0,1,0,23,3
21,0,0,1,0,1,0,0,0,116,1
10,1,0,0,0,0,1,0,0,156,1
0,0,0,0,1,0,1,0,0,123,1
20,1,0,0,0,1,0,0,0,79,1
3,0,0,1,0,1,0,0,0,33,3
14,0,0,0,1,0,0,0,1,12,2
20,0,0,0,1,1,0,0,0,158,2
1,0,1,0,0,0,1,0,0,120,3
12,0,0,1,0,0,1,0,0,181,1
18,0,0,1,0,1,0,0,0,188,1
0,0,0,1,0,0,0,1,0,176,1
6,1,0,0,0,0,1,0,0,187,3
10,1,0,0,0,0,0,1,0,36,3
8,0,1,0,0,0,1,0,0,44,3
14,0,0,1,0,0,0,1,0,98,1
0,1,0,0,0,1,0,0,0,184,1
21,1,0,0,0,1,0,0,0,47,3
7,1,0,0,0,0,0,0,1,58,2
20,0,1,0,0,1,0,0,0,116,2
2,0,0,0,1,1,0,0,0,90,1
1,1,0,0,0,1,0,0,0,17,3
18,0,0,1,0,0,0,1,0,15,1
23,0,0,1,0,0,0,1,0,173,3
11,0,1,0,0,1,0,0,0,110,3
17,0,1,0,0,0,0,0,1,59,1
21,0,0,0,1,0,0,0,1,199,1
19,1,0,0,0,1,0,0,0,98,3
3,1,0,0,0,0,0,0,1,155,1
14,0,0,1,0,0,0,0,1,116,2
15,0,0,1,0,1,0,0,0,189,2
19,0,1,0,0,0,0,0,1,161,2
13,0,0,0,1,0,1,0,0,131,3
13,0,0,1,0,0,1,0,0,76,1
14,0,0,0,1,1,0,0,0,48,3
4,0,0,0,1,0,0,0,1,35,1
7,0,0,1,0,1,0,0,0,4,2
9,1,0,0,0,0,0,0,1,80,3
18,0,0,0,1,0,1,0,0,27,1
14,0,1,0,0,0,0,0,1,53,2
17,0,0,1,0,0,0,1,0,11,2
5,1,0,0,0,0,1,0,0,102,3
18,0,1,0,0,0,0,1,0,184,3
5,0,1,0,0,0,0,0,1,55,3
18,0,1,0,0,0,1,0,0,11,3
14,0,0,1,0,0,0,1,0,66,3
11,0,0,1,0,0,0,0,1,48,1
13,0,0,0,1,1,0,0,0,136,2
3,0,1,0,0,0,0,1,0,102,2
16,1,0,0,0,1,0,0,0,119,1
18,0,0,1,0,0,0,1,0,41,1
15,0,0,1,0,1,0,0,0,198,3
2,0,1,0,0,0,0,1,0,193,1
3,0,0,1,0,1,0,0,0,19,3
9,0,0,0,1,0,0,1,0,89,1
12,0,0,0,1,0,0,1,0,124,3
20,0,1,0,0,1,0,0,0,13,3
7,0,0,0,1,0,1,0,0,157,2
22,0,0,0,1,0,0,0,1,13,2
16,1,0,0,0,0,0,1,0,43,3
3,0,0,0,1,0,0,0,1,67,1
0,0,0,1,0,1,0,0,0,152,3
15,1,0,0,0,0,0,0,1,124,3
22,1,0,0,0,0,1,0,0,173,3
10,0,0,0,1,0,0,1,0,147,2
13,1,0,0,0,1,0,0,0,197,2
5,0,1,0,0,0,0,0,1,28,3
12,0,1,0,0,0,0,0,1,0,1
18,0,0,0,1,0,0,0,1,47,3
0,0,0,1,0,0,0,1,0,179,1
17,0,1,0,0,0,0,0,1,101,1
10,0,0,1,0,0,1,0,0,194,2
13,0,0,1,0,0,0,1,0,164,3
8,1,0,0,0,1,0,0,0,33,1
16,0,0,1,0,0,1,0,0,175,1
20,1,0,0,0,0,1,0,0,0,1
19,0,1,0,0,0,0,1,0,126,2
7,1,0,0,0,0,1,0,0,162,1
3,0,0,1,0,0,0,1,0,45,1
2,0,0,0,1,0,0,0,1,150,3
14,0,1,0,0,0,0,1,0,86,1
16,0,0,1,0,0,1,0,0,102,3
9,1,0,0,0,0,0,1,0,178,3
20,0,0,0,1,0,0,1,0,51,1
13,0,0,0,1,0,0,0,1,94,2
7,0,0,1,0,0,0,0,1,8,2
20,0,0,0,1,0,1,0,0,125,1
21,0,1,0,0,0,0,0,1,171,3
23,0,1,0,0,0,0,1,0,168,3
6,1,0,0,0,1,0,0,0,42,3
3,0,0,0,1,0,0,0,1,138,2
5,0,0,1,0,0,0,1,0,82,3
18,0,0,0,1,1,0,0,0,61,3
7,0,0,0,1,0,0,1,0,132,3
13,0,1,0,0,0,1,0,0,134,2
4,1,0,0,0,1,0,0,0,183,1
18,0,0,0,1,0,0,0,1,109,3
0,0,1,0,0,0,0,0,1,16,1
14,1,0,0,0,1,0,0,0,66,1
10,0,0,0,1,0,1,0,0,198,2
3,0,0,1,0,1,0,0,0,136,3
16,0,0,0,1,0,0,1,0,117,1
17,0,0,1,0,0,1,0,0,178,1
10,0,1,0,0,0,0,1,0,108,1
22,0,0,1,0,1,0,0,0,10,2
19,0,1,0,0,0,0,0,1,157,3
7,1,0,0,0,0,1,0,0,70,2
20,0,0,1,0,0,0,1,0,135,2
9,0,0,0,1,0,1,0,0,64,1
11,0,0,1,0,0,1,0,0,75,1
15,0,0,1,0,1,0,0,0,152,1
0,1,0,0,0,0,1,0,0,143,3
6,0,0,1,0,1,0,0,0,93,1
5,1,0,0,0,0,1,0,0,163,2
23,1,0,0,0,1,0,0,0,108,1
8,0,0,1,0,0,0,0,1,172,3
9,1,0,0,0,0,1,0,0,183,1
23,0,1,0,0,0,0,1,0,45,3
14,0,0,0,1,0,1,0,0,189,3
12,0,1,0,0,0,0,1,0,154,2
3,0,0,0,1,0,0,0,1,158,2
15,0,1,0,0,0,1,0,0,88,3
16,0,0,0,1,0,0,1,0,57,3
6,0,0,0,1,0,0,0,1,78,2
21,0,1,0,0,0,1,0,0,0,2
9,0,1,0,0,0,0,0,1,147,1
5,1,0,0,0,0,0,1,0,121,3
18,0,1,0,0,1,0,0,0,26,2
14,1,0,0,0,0,1,0,0,117,1
10,0,0,1,0,1,0,0,0,117,1
19,0,0,0,1,0,0,1,0,134,2
5,0,0,1,0,0,0,0,1,196,2
20,0,1,0,0,0,0,0,1,164,1
17,0,0,1,0,0,0,1,0,174,3
6,1,0,0,0,0,0,0,1,165,2
9,0,0,1,0,0,1,0,0,2,1
17,0,0,1,0,0,0,1,0,158,2
1,0,0,1,0,0,1,0,0,36,1
20,1,0,0,0,1,0,0,0,185,1
5,0,0,0,1,0,0,1,0,60,2
17,0,0,0,1,0,0,0,1,171,3
20,1,0,0,0,0,0,1,0,121,2
19,0,1,0,0,0,0,1,0,195,1
15,1,0,0,0,0,1,0,0,161,2
2,0,0,0,1,0,1,0,0,2,3
4,0,0,1,0,0,1,0,0,89,1
16,0,0,1,0,0,0,0,1,153,3
9,1,0,0,0,0,0,0,1,19,2
8,0,0,0,1,0,0,0,1,88,2
22,0,0,0,1,0,1,0,0,41,2
17,0,0,1,0,0,0,1,0,122,2
16,0,1,0,0,0,0,1,0,152,3
17,1,0,0,0,0,0,1,0,160,2
19,1,0,0,0,0,0,1,0,39,1
0,0,1,0,0,1,0,0,0,32,1
1,0,0,1,0,0,0,1,0,196,2
9,0,0,1,0,0,1,0,0,74,3
21,0,0,1,0,0,0,0,1,42,3
9,0,0,0,1,0,0,0,1,157,3
12,0,1,0,0,0,0,1,0,92,1
5,1,0,0,0,0,0,1,0,42,1
12,0,0,0,1,0,0,0,1,53,2
8,0,1,0,0,0,1,0,0,149,2
14,0,1,0,0,1,0,0,0,185,1
2,1,0,0,0,0,0,1,0,24,1
0,0,0,0,1,0,1,0,0,84,1
20,0,0,1,0,0,0,1,0,46,2
3,0,1,0,0,0,0,1,0,165,1
18,0,0,0,1,1,0,0,0,29,3
0,0,0,1,0,1,0,0,0,109,3
14,0,1,0,0,0,0,1,0,52,1
21,0,0,0,1,0,0,1,0,75,3
16,1,0,0,0,0,0,1,0,88,2
13,0,0,1,0,0,0,1,0,106,2
16,1,0,0,0,1,0,0,0,97,1
1,0,0,0,1,0,1,0,0,93,3
12,0,0,0,1,0,0,1,0,106,3
4,0,0,0,1,0,0,0,1,144,1
21,1,0,0,0,0,0,0,1,76,1
12,0,0,1,0,0,0,0,1,191,1
4,0,1,0,0,1,0,0,0,173,3
6,0,0,0,1,0,1,0,0,12,3
3,0,0,0,1,1,0,0,0,123,2
15,0,1,0,0,0,1,0,0,31,2
9,1,0,0,0,0,1,0,0,196,2
9,0,0,1,0,0,1,0,0,172,2
12,0,0,0,1,0,1,0,0,76,2
1,0,0,1,0,0,1,0,0,134,3
7,0,0,0,1,0,0,0,1,128,2
11,0,1,0,0,1,0,0,0,97,2
3,0,0,0,1,1,0,0,0,8,3
22,0,1,0,0,0,1,0,0,94,3
15,0,1,0,0,1,0,0,0,125,1
5,1,0,0,0,0,0,0,1,126,3
17,1,0,0,0,0,1,0,0,149,2
4,0,0,1,0,0,0,0,1,135,1
11,1,0,0,0,0,0,0,1,8,3
13,0,1,0,0,0,0,0,1,127,2
13,0,0,1,0,0,0,0,1,196,3
13,0,1,0,0,0,0,0,1,186,3
14,0,1,0,0,0,1,0,0,193,2
5,0,0,1,0,0,1,0,0,77,1
16,0,0,0,1,0,0,1,0,175,3
22,0,0,1,0,0,0,0,1,164,2
1,0,1,0,0,0,0,1,0,170,2
5,0,1,0,0,0,0,0,1,179,2
12,1,0,0,0,1,0,0,0,87,2
13,1,0,0,0,0,0,1,0,15,1
2,1,0,0,0,0,0,0,1,131,1
3,0,0,1,0,0,0,0,1,14,3
3,0,1,0,0,0,1,0,0,175,3
13,1,0,0,0,0,1,0,0,118,3
1,0,0,0,1,0,0,1,0,9,2
19,0,1,0,0,0,1,0,0,195,3
6,1,0,0,0,0,1,0,0,49,3
3,0,1,0,0,1,0,0,0,38,1
4,0,0,0,1,0,0,1,0,100,3
13,1,0,0,0,0,0,1,0,101,1
12,0,1,0,0,0,0,0,1,55,3
22,1,0,0,0,0,0,0,1,134,3
12,0,0,0,1,0,0,1,0,146,3
2,0,0,0,1,1,0,0,0,13,3
20,0,1,0,0,0,0,0,1,138,2
21,0,0,1,0,1,0,0,0,62,1
11,1,0,0,0,0,0,1,0,29,3
0,1,0,0,0,1,0,0,0,152,1
20,0,0,1,0,0,0,0,1,25,3
7,0,1,0,0,0,1,0,0,28,1
18,0,0,0,1,1,0,0,0,80,1
11,0,0,0,1,0,0,0,1,148,3
12,0,0,1,0,0,0,0,1,192,3
20,1,0,0,0,0,0,0,1,112,3
14,1,0,0,0,0,1,0,0,60,2
4,0,0,1,0,1,0,0,0,183,3
22,0,0,0,1,0,1,0,0,162,1
7,0,0,0,1,0,0,0,1,40,1
17,1,0,0,0,0,0,0,1,133,2
22,1,0,0,0,1,0,0,0,76,2
21,0,0,0,1,0,0,0,1,51,2
0,1,0,0,0,0,0,1,0,114,1
8,1,0,0,0,0,0,1,0,50,2
2,0,1,0,0,0,0,1,0,56,3
2,1,0,0,0,0,1,0,0,154,3
19,0,0,0,1,0,0,1,0,126,3
9,0,0,1,0,0,0,0,1,10,1
7,1,0,0,0,0,0,0,1,80,2
0,1,0,0,0,0,0,0,1,111,1
0,0,0,1,0,0,1,0,0,2,2
5,0,0,1,0,0,1,0,0,88,3
20,1,0,0,0,0,1,0,0,1,2
4,0,1,0,0,0,0,1,0,103,1
22,1,0,0,0,0,0,0,1,171,3
15,0,1,0,0,0,0,0,1,68,2
18,0,1,0,0,0,1,0,0,4,3
5,1,0,0,0,1,0,0,0,107,1
12,1,0,0,0,0,0,0,1,76,2
15,1,0,0,0,0,1,0,0,129,2
20,0,0,0,1,0,1,0,0,176,1
23,0,1,0,0,0,1,0,0,108,1
4,0,0,0,1,0,0,0,1,120,2
12,1,0,0,0,0,1,0,0,158,2
7,0,0,0,1,0,0,1,0,193,3
22,0,0,1,0,0,0,1,0,86,2
14,0,1,0,0,0,1,0,0,6,1
23,0,0,0,1,0,0,0,1,151,3
11,0,1,0,0,1,0,0,0,145,2
21,0,0,1,0,1,0,0,0,95,2
18,0,1,0,0,0,0,1,0,122,3
18,1,0,0,0,0,0,0,1,10,3
3,0,0,1,0,0,0,0,1,108,2
9,0,1,0,0,0,1,0,0,131,3
23,0,0,1,0,0,0,1,0,119,2
20,0,0,0,1,0,0,1,0,194,1
14,0,0,0,1,0,0,0,1,76,2
16,1,0,0,0,0,0,0,1,47,1
10,0,1,0,0,0,0,1,0,102,1
1,0,0,0,1,0,0,1,0,113,2
0,0,1,0,0,0,0,1,0,88,2
10,1,0,0,0,0,0,0,1,88,1
3,0,1,0,0,0,1,0,0,113,2
13,1,0,0,0,0,0,0,1,97,3
6,1,0,0,0,1,0,0,0,178,3
2,1,0,0,0,0,1,0,0,24,1
5,0,0,1,0,0,0,0,1,180,2
12,0,0,0,1,0,0,1,0,190,3
10,0,0,0,1,0,1,0,0,98,2
7,0,0,1,0,0,1,0,0,143,3
3,0,0,1,0,0,0,1,0,183,3
2,0,0,1,0,0,0,0,1,85,1
20,0,0,1,0,0,0,1,0,192,1
0,0,0,1,0,0,0,1,0,154,1
22,0,0,1,0,0,0,0,1,119,3
23,0,1,0,0,0,0,1,0,15,1
1,1,0,0,0,0,1,0,0,39,1
4,1,0,0,0,0,0,1,0,1,2
21,0,0,1,0,0,0,1,0,63,2
12,1,0,0,0,1,0,0,0,195,3
23,0,0,0,1,0,0,0,1,159,1
0,0,0,0,1,0,0,1,0,5,1
21,0,1,0,0,0,0,1,0,160,1
11,1,0,0,0,0,0,1,0,33,1
16,0,0,0,1,0,1,0,0,66,2
0,0,0,0,1,0,1,0,0,2,1
16,0,0,1,0,1,0,0,0,186,1
16,0,0,0,1,0,0,0,1,42,3
10,0,0,0,1,0,0,1,0,138,1
1,0,0,1,0,0,1,0,0,103,3
13,0,1,0,0,0,0,1,0,128,2
1,0,0,0,1,1,0,0,0,111,2
21,0,1,0,0,0,1,0,0,146,2
17,1,0,0,0,0,1,0,0,137,3
2,0,1,0,0,0,0,0,1,83,3
20,1,0,0,0,1,0,0,0,164,2
0,0,1,0,0,0,0,1,0,34,2
7,0,0,0,1,0,0,0,1,124,3
21,0,0,0,1,1,0,0,0,67,1
14,0,0,0,1,0,0,1,0,23,1
15,0,0,1,0,0,0,1,0,113,3
22,0,1,0,0,0,1,0,0,31,2
1,0,1,0,0,1,0,0,0,76,3
11,0,0,0,1,0,0,1,0,53,2
22,1,0,0,0,0,1,0,0,183,3
6,1,0,0,0,0,0,0,1,67,1
20,0,0,0,1,1,0,0,0,115,2
20,0,0,0,1,1,0,0,0,6,1
3,0,0,0,1,0,1,0,0,105,2
10,1,0,0,0,0,1,0,0,115,1
3,1,0,0,0,1,0,0,0,68,2
17,1,0,0,0,0,0,1,0,120,3
19,1,0,0,0,0,0,0,1,3,2
10,0,0,1,0,0,1,0,0,114,3
0,0,0,0,1,0,1,0,0,53,1
12,0,0,0,1,0,0,1,0,57,2
11,1,0,0,0,0,0,0,1,153,2
1,0,1,0,0,0,1,0,0,87,3
7,0,0,1,0,0,0,0,1,85,1
19,0,0,1,0,1,0,0,0,71,2
17,0,0,1,0,0,0,0,1,11,1
9,1,0,0,0,1,0,0,0,103,2
18,0,0,1,0,0,0,1,0,24,1
20,0,0,1,0,0,1,0,0,19,3
18,1,0,0,0,0,1,0,0,46,1
15,0,0,0,1,0,1,0,0,31,2
20,1,0,0,0,0,0,0,1,111,2
22,1,0,0,0,0,0,1,0,78,2
3,1,0,0,0,0,0,0,1,78,2
7,0,1,0,0,0,0,0,1,136,2
19,0,0,0,1,0,1,0,0,29,2
2,0,0,1,0,0,0,1,0,97,1
19,0,0,1,0,1,0,0,0,55,3
21,0,0,0,1,1,0,0,0,144,3
1,0,0,0,1,0,0,1,0,62,2
4,0,0,1,0,0,0,0,1,13,3
2,0,1,0,0,0,0,1,0,191,2
10,1,0,0,0,0,1,0,0,172,3
9,1,0,0,0,1,0,0,0,19,1
10,0,0,1,0,0,0,1,0,176,3
21,0,1,0,0,0,0,0,1,78,2
3,0,1,0,0,0,0,1,0,65,1
11,1,0,0,0,0,0,1,0,3,3
11,0,0,0,1,0,1,0,0,177,3
11,0,1,0,0,0,1,0,0,109,1
12,0,0,0,1,1,0,0,0,8,2
16,0,0,0,1,0,1,0,0,60,2
21,0,0,0,1,0,0,1,0,155,1
6,1,0,0,0,0,0,1,0,195,2
7,1,0,0,0,0,0,1,0,153,3
14,0,0,0,1,0,1,0,0,18,3
12,0,0,0,1,0,0,1,0,184,1
23,1,0,0,0,1,0,0,0,160,1
9,0,0,0,1,0,1,0,0,54,1
7,0,0,1,0,0,0,1,0,149,1
17,0,0,0,1,0,0,1,0,49,2
8,0,1,0,0,0,0,0,1,49,1
9,0,0,1,0,0,0,0,1,15,2
9,0,1,0,0,0,0,1,0,67,1
22,0,0,1,0,0,1,0,0,162,3
1,0,0,0,1,0,0,0,1,86,1
4,0,0,0,1,0,0,1,0,42,2
15,0,0,0,1,0,0,0,1,103,2
15,0,1,0,0,0,0,0,1,172,3
19,0,0,1,0,0,1,0,0,55,1
19,1,0,0,0,1,0,0,0,66,2
15,0,0,1,0,0,1,0,0,94,3
7,0,1,0,0,0,0,1,0,178,3
20,0,0,1,0,0,1,0,0,116,2
19,0,1,0,0,1,0,0,0,146,3
6,0,0,1,0,1,0,0,0,86,3
23,0,1,0,0,0,0,1,0,166,2
8,0,0,0,1,0,0,0,1,108,3
15,0,0,0,1,0,0,0,1,61,3
16,0,1,0,0,1,0,0,0,33,3
23,1,0,0,0,0,1,0,0,124,3
16,1,0,0,0,0,0,1,0,63,3
15,1,0,0,0,0,1,0,0,160,2
6,1,0,0,0,0,0,0,1,136,3
7,0,0,0,1,0,1,0,0,49,1
17,1,0,0,0,1,0,0,0,40,2
2,0,1,0,0,0,1,0,0,157,2
11,0,1,0,0,1,0,0,0,177,1
2,0,0,1,0,0,1,0,0,194,2
13,1,0,0,0,0,0,0,1,136,2
20,0,1,0,0,1,0,0,0,57,3
17,0,0,1,0,0,0,1,0,71,3
13,1,0,0,0,0,0,0,1,127,3
14,0,1,0,0,0,1,0,0,179,2
12,1,0,0,0,1,0,0,0,198,1
2,0,0,0,1,1,0,0,0,133,3
18,0,1,0,0,0,0,1,0,160,1
18,1,0,0,0,1,0,0,0,187,2
2,0,0,1,0,0,0,1,0,20,3
14,0,1,0,0,1,0,0,0,170,1
4,0,0,0,1,0,0,0,1,130,3
0,1,0,0,0,0,1,0,0,99,3
21,0,0,0,1,0,1,0,0,75,3
15,0,0,0,1,0,0,0,1,167,1
17,0,0,0,1,0,1,0,0,0,2
2,0,1,0,0,0,0,1,0,160,3
19,0,0,1,0,0,1,0,0,132,2
12,0,0,1,0,0,0,1,0,29,1
10,0,0,0,1,0,0,0,1,153,2
20,0,0,0,1,0,1,0,0,50,1
5,0,0,0,1,0,1,0,0,74,3
10,0,0,1,0,0,0,0,1,57,1
17,1,0,0,0,1,0,0,0,113,3
21,1,0,0,0,0,1,0,0,82,2
21,0,1,0,0,0,0,0,1,165,3
5,0,1,0,0,0,0,1,0,184,2
1,0,1,0,0,0,0,1,0,61,1
0,1,0,0,0,0,0,0,1,9,2
2,1,0,0,0,0,1,0,0,98,2
10,0,0,0,1,0,0,1,0,26,3
20,0,0,0,1,0,0,1,0,35,2
1,1,0,0,0,0,1,0,0,172,1
23,0,1,0,0,0,1,0,0,36,1
23,1,0,0,0,0,1,0,0,11,1
20,1,0,0,0,1,0,0,0,140,1
1,0,0,1,0,0,1,0,0,39,2
7,0,1,0,0,0,0,1,0,84,2
17,0,0,0,1,0,1,0,0,165,1
0,1,0,0,0,0,1,0,0,89,3
14,0,0,1,0,0,0,1,0,162,1
7,0,0,1,0,0,0,0,1,157,1
9,0,0,0,1,1,0,0,0,79,3
19,0,0,0,1,1,0,0,0,126,1
4,0,1,0,0,0,0,1,0,66,2
11,0,1,0,0,0,0,1,0,93,2
4,0,0,0,1,0,1,0,0,66,1
0,0,1,0,0,1,0,0,0,163,3
17,1,0,0,0,0,0,1,0,144,1
12,1,0,0,0,0,1,0,0,170,2
23,0,1,0,0,0,0,0,1,133,1
0,1,0,0,0,0,1,0,0,164,1
17,0,0,0,1,1,0,0,0,164,3
7,0,0,0,1,0,0,0,1,60,3
13,1,0,0,0,0,1,0,0,90,2
13,1,0,0,0,0,0,0,1,28,1
11,0,0,1,0,1,0,0,0,103,2
0,0,0,0,1,0,0,0,1,158,1
1,0,0,1,0,0,0,0,1,62,1
16,0,0,0,1,0,0,1,0,2,2
22,1,0,0,0,0,1,0,0,34,2
15,0,0,0,1,0,0,1,0,166,3
0,0,0,0,1,1,0,0,0,108,1
18,0,1,0,0,0,0,1,0,69,1
4,0,0,0,1,0,0,0,1,181,3
23,0,0,0,1,0,0,1,0,104,1
3,0,1,0,0,0,1,0,0,49,1
7,0,0,1,0,1,0,0,0,197,2
18,0,0,0,1,0,1,0,0,104,2
21,1,0,0,0,0,0,0,1,103,1
21,0,0,1,0,1,0,0,0,85,2
18,0,1,0,0,1,0,0,0,31,2
14,0,0,1,0,0,0,0,1,183,1
15,1,0,0,0,1,0,0,0,172,2
6,1,0,0,0,1,0,0,0,159,2
3,0,1,0,0,0,0,0,1,117,2
5,0,0,1,0,1,0,0,0,53,3
19,0,0,1,0,1,0,0,0,104,1
14,0,0,1,0,0,0,1,0,37,1
16,1,0,0,0,0,0,1,0,191,1
16,1,0,0,0,0,1,0,0,134,2
12,0,1,0,0,0,1,0,0,160,1
19,0,0,0,1,0,1,0,0,88,1
17,0,1,0,0,0,0,0,1,97,3
4,0,0,0,1,1,0,0,0,186,3
6,0,1,0,0,0,1,0,0,75,3
5,1,0,0,0,0,0,1,0,145,2
8,1,0,0,0,0,1,0,0,96,3
13,0,1,0,0,1,0,0,0,47,1
12,0,0,1,0,0,0,0,1,190,3
11,0,0,0,1,0,0,0,1,178,2
4,0,0,1,0,0,1,0,0,57,3
9,0,0,0,1,0,0,0,1,27,3
20,0,1,0,0,0,0,0,1,155,2
1,1,0,0,0,0,0,0,1,7,2
18,0,1,0,0,0,0,1,0,15,1
17,0,1,0,0,0,0,0,1,151,2
6,0,0,1,0,0,1,0,0,29,2
12,0,1,0,0,1,0,0,0,60,1
16,0,1,0,0,0,1,0,0,162,2
19,0,0,0,1,0,1,0,0,106,3
5,0,0,1,0,0,0,0,1,74,2
5,0,0,1,0,0,0,1,0,3,3
19,1,0,0,0,1,0,0,0,68,2
16,0,1,0,0,0,1,0,0,13,1
14,0,0,0,1,0,0,1,0,110,2
10,0,0,0,1,0,0,1,0,147,3
9,0,0,1,0,0,0,1,0,20,1
19,1,0,0,0,0,1,0,0,109,2
4,1,0,0,0,0,0,1,0,83,3
6,0,0,0,1,0,0,1,0,74,1
10,0,0,0,1,0,0,1,0,73,1
3,0,1,0,0,1,0,0,0,88,2
1,0,0,1,0,1,0,0,0,42,1
7,0,0,0,1,0,0,1,0,63,2
20,0,0,0,1,0,1,0,0,180,3
21,0,0,1,0,0,0,0,1,118,2
16,0,0,1,0,0,0,0,1,14,3
16,0,1,0,0,0,0,0,1,144,1
20,0,1,0,0,0,0,1,0,16,1
16,0,0,0,1,0,0,1,0,99,1
14,0,0,0,1,1,0,0,0,80,3
23,1,0,0,0,0,0,0,1,134,1
9,0,0,1,0,0,1,0,0,95,1
0,1,0,0,0,1,0,0,0,52,3
17,1,0,0,0,0,0,0,1,61,3
1,0,1,0,0,0,0,1,0,193,1
15,0,0,1,0,0,0,0,1,33,2
19,0,0,1,0,0,1,0,0,175,3
2,0,0,0,1,0,0,1,0,154,3
5,0,1,0,0,0,1,0,0,167,1
17,0,0,0,1,0,1,0,0,161,1
4,0,1,0,0,0,1,0,0,11,1
4,1,0,0,0,0,0,0,1,80,3
18,1,0,0,0,1,0,0,0,109,3
14,0,0,1,0,1,0,0,0,196,3
12,0,0,0,1,0,0,0,1,146,3
0,1,0,0,0,1,0,0,0,190,1
22,0,0,0,1,0,1,0,0,170,1
5,1,0,0,0,0,1,0,0,18,1
2,0,0,1,0,1,0,0,0,113,1
16,0,0,0,1,0,0,0,1,164,2
6,0,0,1,0,1,0,0,0,73,2
22,1,0,0,0,0,1,0,0,94,2
3,0,0,0,1,1,0,0,0,185,1
0,0,1,0,0,0,0,0,1,54,3
19,0,0,1,0,0,0,1,0,10,1
11,1,0,0,0,0,1,0,0,43,1
3,0,1,0,0,0,0,0,1,176,3
5,0,0,0,1,0,0,0,1,44,3
23,0,0,0,1,0,0,0,1,52,1
22,0,0,0,1,0,0,0,1,166,1
23,1,0,0,0,0,1,0,0,191,3
6,1,0,0,0,0,0,0,1,186,2
3,1,0,0,0,0,1,0,0,159,1
14,0,1,0,0,0,0,0,1,21,2
6,0,0,0,1,1,0,0,0,100,3
11,0,1,0,0,0,0,0,1,75,1
18,1,0,0,0,0,0,1,0,81,1
19,0,0,0,1,1,0,0,0,15,1
7,0,0,0,1,1,0,0,0,160,2
20,0,1,0,0,1,0,0,0,2,3
11,1,0,0,0,1,0,0,0,27,2
7,1,0,0,0,0,0,1,0,93,1
5,0,0,1,0,0,0,1,0,74,1
4,0,1,0,0,0,0,0,1,88,2
1,0,0,1,0,1,0,0,0,0,3
10,0,0,1,0,0,0,1,0,148,1
8,0,1,0,0,0,1,0,0,61,2
2,0,0,1,0,0,0,1,0,164,3
8,0,0,1,0,0,0,0,1,54,1
15,0,0,0,1,0,1,0,0,44,1
22,0,0,1,0,0,1,0,0,187,3
6,0,1,0,0,0,1,0,0,182,3
0,0,0,0,1,0,0,0,1,182,2
14,0,0,0,1,0,0,1,0,59,1
4,1,0,0,0,0,0,1,0,83,1
9,1,0,0,0,0,1,0,0,96,2
21,1,0,0,0,0,0,1,0,25,2
11,0,0,0,1,1,0,0,0,199,3
3,0,0,0,1,1,0,0,0,188,1
4,0,1,0,0,1,0,0,0,164,2
23,0,1,0,0,1,0,0,0,106,3
16,1,0,0,0,0,0,1,0,134,3
9,0,0,0,1,1,0,0,0,80,3
6,0,1,0,0,0,0,1,0,193,1
7,0,1,0,0,0,0,0,1,31,3
14,0,1,0,0,0,1,0,0,81,1
18,0,0,0,1,0,0,0,1,64,1
11,1,0,0,0,0,0,0,1,126,2
17,0,0,1,0,0,1,0,0,92,1
13,1,0,0,0,0,0,1,0,173,2
15,0,0,1,0,1,0,0,0,195,2
5,0,0,0,1,0,1,0,0,96,1
14,1,0,0,0,0,1,0,0,196,2
3,1,0,0,0,0,1,0,0,22,3
15,0,1,0,0,0,1,0,0,14,2
15,0,0,0,1,0,1,0,0,108,1
18,0,1,0,0,0,0,0,1,77,2
13,0,0,1,0,0,0,1,0,4,3
12,0,0,1,0,1,0,0,0,58,1
19,0,0,0,1,0,1,0,0,179,1
16,0,0,1,0,0,0,0,1,191,3
19,0,0,0,1,0,0,1,0,60,2
18,0,1,0,0,0,1,0,0,30,2
22,0,0,1,0,0,0,1,0,15,2
3,0,1,0,0,0,1,0,0,169,2
13,0,1,0,0,1,0,0,0,102,1
14,0,1,0,0,0,0,1,0,46,1
22,0,0,0,1,0,0,1,0,181,1
15,0,0,0,1,0,1,0,0,168,1
15,0,0,1,0,1,0,0,0,91,2
12,0,1,0,0,0,0,1,0,42,3
18,0,1,0,0,1,0,0,0,187,2
12,0,0,0,1,1,0,0,0,154,3
8,0,1,0,0,1,0,0,0,63,2
4,1,0,0,0,1,0,0,0,62,2
6,0,0,1,0,0,0,0,1,68,2
6,0,0,0,1,0,0,0,1,101,1
6,0,1,0,0,0,1,0,0,2,2
23,0,1,0,0,0,1,0,0,28,1
23,0,1,0,0,0,0,1,0,188,1
17,0,1,0,0,1,0,0,0,98,3
13,1,0,0,0,1,0,0,0,99,2
23,0,1,0,0,1,0,0,0,178,1
10,0,1,0,0,1,0,0,0,183,3
1,0,0,0,1,0,0,1,0,40,1
16,1,0,0,0,0,0,0,1,37,3
6,0,1,0,0,0,0,0,1,108,1
1,1,0,0,0,0,0,1,0,148,2
6,0,1,0,0,0,0,0,1,21,3
21,0,1,0,0,0,0,0,1,124,1
1,0,1,0,0,1,0,0,0,81,1
12,1,0,0,0,0,0,1,0,86,2
10,0,0,1,0,0,1,0,0,58,3
11,0,0,1,0,0,0,0,1,96,2
1,0,1,0,0,0,1,0,0,4,2
6,0,0,1,0,0,0,1,0,146,3
8,0,0,0,1,0,0,1,0,193,1
4,1,0,0,0,1,0,0,0,107,2
14,0,0,1,0,0,1,0,0,172,2
22,0,1,0,0,1,0,0,0,32,1
15,1,0,0,0,0,0,1,0,33,2
23,0,1,0,0,0,0,0,1,133,3
15,1,0,0,0,0,1,0,0,167,3
13,1,0,0,0,0,1,0,0,151,1
23,0,0,0,1,0,0,0,1,67,1
6,1,0,0,0,0,0,0,1,168,3
3,1,0,0,0,0,0,1,0,79,2
17,0,0,0,1,0,1,0,0,148,2
18,0,1,0,0,1,0,0,0,22,1
21,1,0,0,0,0,0,1,0,166,1
14,0,0,0,1,0,0,0,1,60,3
12,0,0,1,0,0,1,0,0,42,1
16,0,0,0,1,0,0,0,1,52,3
20,0,0,0,1,1,0,0,0,23,1
23,0,1,0,0,0,1,0,0,189,1
1,0,1,0,0,0,0,1,0,124,1
22,0,0,1,0,1,0,0,0,197,2
0,1,0,0,0,0,0,0,1,83,2
5,0,1,0,0,0,0,1,0,63,3
20,0,0,0,1,0,1,0,0,86,3
13,1,0,0,0,1,0,0,0,138,2
17,1,0,0,0,0,1,0,0,67,3
14,0,0,1,0,0,0,1,0,199,1
15,0,0,1,0,1,0,0,0,74,3
23,0,1,0,0,1,0,0,0,193,3
23,0,0,1,0,0,1,0,0,114,3
17,0,0,0,1,0,0,0,1,99,3
2,0,0,1,0,1,0,0,0,73,3
5,0,0,1,0,0,1,0,0,66,3
7,0,0,0,1,0,1,0,0,96,2
15,0,1,0,0,0,0,0,1,156,2
23,0,1,0,0,1,0,0,0,61,1
22,0,1,0,0,0,1,0,0,72,1
13,0,0,1,0,0,0,0,1,47,1
4,1,0,0,0,0,1,0,0,157,2
10,0,0,0,1,1,0,0,0,110,3
10,0,0,1,0,0,1,0,0,118,2
4,1,0,0,0,0,0,0,1,57,1
15,0,0,1,0,1,0,0,0,37,1
5,1,0,0,0,0,0,0,1,80,3
22,1,0,0,0,0,0,1,0,100,1
12,0,0,0,1,0,0,1,0,112,3
23,1,0,0,0,0,0,0,1,84,2
17,0,1,0,0,0,0,0,1,103,1
2,0,0,0,1,0,1,0,0,36,2
21,0,0,1,0,1,0,0,0,69,2
10,1,0,0,0,1,0,0,0,193,3
10,0,0,0,1,0,0,0,1,39,1
11,0,0,1,0,0,0,0,1,137,1
13,0,0,0,1,0,0,1,0,101,2
0,0,0,1,0,1,0,0,0,134,1
5,0,0,0,1,0,0,1,0,98,2
9,0,0,0,1,0,0,0,1,111,2
12,1,0,0,0,0,0,0,1,10,3
4,0,1,0,0,1,0,0,0,88,1
16,0,1,0,0,0,0,0,1,183,1
15,0,0,1,0,1,0,0,0,42,1
10,0,1,0,0,1,0,0,0,18,2
21,0,0,0,1,0,0,1,0,177,1
7,0,1,0,0,0,0,1,0,35,1
8,1,0,0,0,0,0,1,0,40,2
10,0,1,0,0,0,0,0,1,77,1
17,1,0,0,0,0,0,1,0,13,2
10,0,0,1,0,0,0,1,0,137,1
18,0,0,0,1,0,1,0,0,74,2
16,0,1,0,0,0,0,0,1,144,3
12,1,0,0,0,0,0,1,0,112,3
13,0,0,1,0,0,1,0,0,51,1
1,0,0,0,1,0,0,1,0,142,1
9,0,1,0,0,0,0,0,1,95,3
17,0,0,0,1,0,0,0,1,149,3
4,1,0,0,0,0,0,1,0,163,2
17,0,0,0,1,1,0,0,0,64,3
17,0,0,1,0,0,0,0,1,126,3
18,0,0,1,0,0,0,1,0,25,3
6,0,1,0,0,1,0,0,0,46,2
13,0,0,1,0,0,1,0,0,11,1
17,1,0,0,0,0,1,0,0,77,3
4,1,0,0,0,0,1,0,0,1,1
15,0,0,0,1,1,0,0,0,151,2
14,1,0,0,0,0,0,1,0,66,1
6,0,0,1,0,0,1,0,0,72,3
11,0,1,0,0,0,0,0,1,6,1
12,1,0,0,0,1,0,0,0,39,2
0,1,0,0,0,0,0,0,1,170,2
8,1,0,0,0,0,1,0,0,78,1
16,0,0,1,0,0,0,1,0,108,2
18,0,1,0,0,0,0,1,0,57,3
15,0,1,0,0,0,1,0,0,54,3
2,0,0,1,0,1,0,0,0,121,2
20,0,1,0,0,1,0,0,0,114,3
12,0,1,0,0,0,1,0,0,89,1
20,0,1,0,0,1,0,0,0,5,1
4,0,0,1,0,0,0,1,0,84,1
18,0,0,0,1,0,1,0,0,47,2
19,0,0,0,1,0,0,1,0,123,1
21,0,0,1,0,0,0,1,0,148,2
3,0,1,0,0,1,0,0,0,104,2
4,0,1,0,0,0,0,0,1,161,2
0,0,0,1,0,0,0,1,0,122,1
9,0,1,0,0,1,0,0,0,125,2
5,1,0,0,0,0,1,0,0,109,1
9,1,0,0,0,0,1,0,0,133,1
17,0,0,0,1,0,0,1,0,164,3
21,1,0,0,0,0,0,1,0,11,2
14,1,0,0,0,0,0,1,0,151,2
9,1,0,0,0,0,0,0,1,184,3
2,0,1,0,0,1,0,0,0,172,1
19,1,0,0,0,0,0,1,0,165,2
8,0,0,0,1,0,0,1,0,68,1
23,0,1,0,0,0,0,0,1,142,3
11,0,1,0,0,1,0,0,0,55,2
14,0,0,0,1,0,0,0,1,128,2
22,1,0,0,0,0,1,0,0,27,3
21,0,1,0,0,0,0,0,1,130,3
11,1,0,0,0,0,1,0,0,184,1
16,0,1,0,0,0,1,0,0,8,3
16,0,0,1,0,0,0,0,1,69,1
6,0,0,0,1,1,0,0,0,112,1
18,0,0,1,0,0,0,0,1,153,3
0,0,0,0,1,0,0,1,0,192,2
9,1,0,0,0,1,0,0,0,138,3
13,0,0,1,0,0,0,1,0,78,1
14,1,0,0,0,0,0,0,1,150,3
12,0,1,0,0,0,1,0,0,144,1
12,0,1,0,0,0,1,0,0,1,1
16,0,0,1,0,0,0,1,0,128,2
12,0,0,0,1,0,0,1,0,176,1
7,0,0,0,1,0,0,0,1,144,1
23,1,0,0,0,1,0,0,0,20,1
21,0,0,0,1,0,0,0,1,140,3
20,0,0,1,0,0,0,1,0,119,3
15,0,0,1,0,0,0,1,0,37,1
23,0,0,0,1,1,0,0,0,129,2
22,0,0,0,1,0,0,0,1,90,2
0,0,0,0,1,0,1,0,0,62,3
21,0,1,0,0,1,0,0,0,189,1
7,0,0,0,1,0,0,0,1,98,2
0,0,1,0,0,0,0,1,0,19,3
18,1,0,0,0,0,0,1,0,122,2
15,0,0,1,0,0,0,1,0,34,3
11,0,1,0,0,0,0,0,1,187,2
7,0,0,0,1,1,0,0,0,172,3
5,1,0,0,0,0,1,0,0,62,3
6,0,1,0,0,1,0,0,0,23,2
1,0,1,0,0,1,0,0,0,8,1
0,0,0,0,1,0,1,0,0,168,3
4,0,0,1,0,0,1,0,0,119,3
20,0,0,1,0,0,0,1,0,48,1
4,1,0,0,0,0,1,0,0,154,1
9,0,1,0,0,0,0,1,0,102,3
4,1,0,0,0,0,1,0,0,69,1
9,0,0,1,0,0,1,0,0,30,1
1,1,0,0,0,0,1,0,0,183,2
11,0,0,1,0,0,0,1,0,118,2
19,0,0,1,0,0,0,0,1,157,1
19,0,0,0,1,1,0,0,0,197,1
22,0,0,0,1,1,0,0,0,44,3
9,0,0,0,1,0,0,1,0,191,3
11,0,1,0,0,0,1,0,0,142,3
5,0,0,0,1,1,0,0,0,86,3
12,0,0,0,1,0,0,1,0,46,2
10,1,0,0,0,0,0,0,1,159,3
23,1,0,0,0,1,0,0,0,162,2
17,1,0,0,0,0,1,0,0,77,1
0,0,0,0,1,0,0,0,1,0,1
20,1,0,0,0,0,0,0,1,124,1
23,1,0,0,0,0,0,0,1,73,1
8,1,0,0,0,1,0,0,0,148,1
7,0,0,0,1,1,0,0,0,39,3
5,1,0,0,0,0,1,0,0,154,1
14,0,0,1,0,1,0,0,0,161,2
18,0,0,1,0,1,0,0,0,42,3
3,0,1,0,0,0,0,1,0,0,3
10,0,0,0,1,0,1,0,0,1,2
23,0,0,0,1,0,0,0,1,104,1
3,0,0,1,0,0,1,0,0,189,2
17,1,0,0,0,1,0,0,0,147,1
21,1,0,0,0,0,1,0,0,12,1
6,0,1,0,0,0,0,1,0,60,1
6,0,0,0,1,0,1,0,0,174,1
19,1,0,0,0,1,0,0,0,122,2
18,0,0,1,0,0,0,1,0,78,1
19,0,0,1,0,0,0,0,1,157,3
11,0,0,1,0,0,0,0,1,115,1
10,1,0,0,0,0,0,0,1,199,1
18,0,1,0,0,0,1,0,0,168,2
8,0,0,1,0,0,0,1,0,52,3
0,0,0,1,0,0,1,0,0,53,1
14,0,1,0,0,1,0,0,0,65,2
4,1,0,0,0,0,0,0,1,190,2
15,1,0,0,0,0,0,0,1,71,3
14,0,1,0,0,0,1,0,0,59,1
22,1,0,0,0,1,0,0,0,108,2
0,0,0,0,1,0,0,1,0,111,1
1,0,0,1,0,1,0,0,0,165,3
20,0,0,1,0,0,0,0,1,194,1
11,0,0,1,0,1,0,0,0,26,1
0,1,0,0,0,0,0,1,0,154,2
5,0,0,1,0,0,0,0,1,50,3
3,0,0,1,0,0,0,1,0,86,1
18,0,0,1,0,1,0,0,0,148,1
18,0,0,0,1,0,0,0,1,179,2
17,0,1,0,0,1,0,0,0,23,3
23,0,0,1,0,0,1,0,0,76,3
21,0,0,1,0,1,0,0,0,193,2
21,0,0,1,0,0,0,1,0,30,1
10,0,1,0,0,1,0,0,0,55,3
10,0,0,0,1,1,0,0,0,174,1
18,0,1,0,0,0,1,0,0,18,3
9,0,0,1,0,1,0,0,0,148,2
4,0,1,0,0,0,0,1,0,192,3
17,1,0,0,0,0,1,0,0,16,3
8,0,1,0,0,0,1,0,0,17,1
19,0,1,0,0,1,0,0,0,87,1
20,1,0,0,0,0,0,1,0,96,2
19,1,0,0,0,0,0,0,1,32,3
22,1,0,0,0,1,0,0,0,179,3
12,0,1,0,0,1,0,0,0,84,1
19,1,0,0,0,0,0,0,1,53,3
16,0,0,0,1,1,0,0,0,112,2
9,1,0,0,0,0,0,0,1,193,1
21,0,1,0,0,0,0,1,0,170,3
12,1,0,0,0,1,0,0,0,67,2
11,0,0,1,0,0,0,1,0,172,2
21,0,0,1,0,0,0,0,1,89,2
3,0,1,0,0,0,0,0,1,48,1
8,0,0,1,0,1,0,0,0,149,2
23,1,0,0,0,0,0,1,0,65,2
19,0,0,1,0,1,0,0,0,160,1
11,0,0,0,1,1,0,0,0,183,3
9,0,0,0,1,0,0,1,0,181,1
5,0,1,0,0,0,0,1,0,24,1
12,0,1,0,0,0,0,1,0,198,1
14,1,0,0,0,1,0,0,0,17,3
15,0,0,1,0,0,0,0,1,179,1
9,0,1,0,0,0,0,0,1,158,1
18,0,1,0,0,0,0,0,1,59,2
1,1,0,0,0,1,0,0,0,30,3
17,0,1,0,0,0,0,0,1,140,1
15,0,0,0,1,1,0,0,0,97,2
18,0,0,0,1,0,0,1,0,88,3
15,0,1,0,0,0,0,0,1,88,2
15,0,0,0,1,0,1,0,0,167,1
3,0,0,1,0,0,0,0,1,104,1
17,1,0,0,0,0,0,0,1,181,1
4,0,0,0,1,1,0,0,0,148,2
8,0,0,1,0,0,1,0,0,141,1
10,1,0,0,0,0,0,0,1,187,3
16,0,0,0,1,1,0,0,0,15,2
12,0,0,0,1,0,1,0,0,2,1
11,0,0,0,1,0,1,0,0,167,3
20,0,0,0,1,0,0,0,1,122,2
19,0,0,1,0,0,1,0,0,127,2
0,0,0,1,0,0,0,0,1,11,3
2,0,1,0,0,0,0,1,0,198,1
11,1,0,0,0,1,0,0,0,114,1
11,0,0,1,0,0,1,0,0,83,3
17,0,1,0,0,0,0,0,1,155,2
18,0,1,0,0,1,0,0,0,0,1
10,0,0,0,1,0,1,0,0,102,3
9,0,1,0,0,0,1,0,0,173,3
21,0,0,0,1,0,0,0,1,59,3
8,1,0,0,0,0,1,0,0,175,1
20,1,0,0,0,0,0,0,1,154,3
0,0,0,0,1,1,0,0,0,156,2
2,1,0,0,0,0,0,0,1,19,2
11,1,0,0,0,0,0,0,1,119,3
6,0,1,0,0,0,0,0,1,29,3
22,0,1,0,0,0,0,1,0,85,3
15,0,0,1,0,0,0,0,1,41,2
0,0,0,0,1,1,0,0,0,45,1
0,0,0,1,0,0,0,0,1,174,1
9,1,0,0,0,1,0,0,0,100,1
12,0,0,1,0,0,1,0,0,25,3
11,0,0,1,0,0,1,0,0,156,1
19,0,0,1,0,0,0,0,1,125,3
23,0,0,1,0,1,0,0,0,104,1
8,0,1,0,0,1,0,0,0,98,1
20,0,1,0,0,0,0,1,0,8,3
6,0,0,0,1,0,1,0,0,151,2
20,0,1,0,0,1,0,0,0,43,1
10,0,1,0,0,0,0,0,1,68,3
0,1,0,0,0,0,0,0,1,136,2
0,1,0,0,0,1,0,0,0,193,1
0,0,0,0,1,0,1,0,0,0,1
19,0,1,0,0,0,0,1,0,68,2
10,0,0,1,0,1,0,0,0,11,1
6,0,0,0,1,0,0,0,1,93,2
11,1,0,0,0,0,0,0,1,124,3
7,0,0,0,1,1,0,0,0,174,3
8,1,0,0,0,0,0,1,0,48,2
7,1,0,0,0,0,1,0,0,123,2
12,0,0,1,0,0,0,0,1,99,2
4,1,0,0,0,0,0,0,1,110,2
1,0,0,0,1,0,0,0,1,61,3
9,0,0,0,1,0,1,0,0,136,2
3,0,0,1,0,1,0,0,0,150,1
18,0,0,0,1,0,0,0,1,166,3
15,1,0,0,0,0,1,0,0,95,3
22,0,0,1,0,0,0,0,1,187,2
14,0,1,0,0,0,1,0,0,178,3
20,1,0,0,0,1,0,0,0,77,1
18,0,0,0,1,0,1,0,0,180,1
21,0,1,0,0,1,0,0,0,123,3
8,1,0,0,0,0,1,0,0,34,1
4,0,1,0,0,0,0,0,1,60,3
17,1,0,0,0,0,1,0,0,134,3
22,1,0,0,0,1,0,0,0,51,2
11,0,1,0,0,0,1,0,0,14,2
4,0,0,0,1,1,0,0,0,5,2
11,0,0,0,1,0,0,0,1,153,3
18,1,0,0,0,0,0,1,0,198,3
23,1,0,0,0,0,0,0,1,49,3
20,1,0,0,0,0,0,0,1,65,2
14,1,0,0,0,0,0,0,1,30,3
3,0,0,0,1,0,0,1,0,15,3
16,0,1,0,0,0,1,0,0,130,1
23,0,1,0,0,0,0,1,0,47,3
11,0,0,0,1,0,0,1,0,33,2
18,0,0,1,0,0,0,0,1,14,3
0,0,0,0,1,1,0,0,0,92,1
13,1,0,0,0,0,0,0,1,29,1
5,0,1,0,0,1,0,0,0,182,1
12,0,0,1,0,0,1,0,0,5,1
19,0,1,0,0,0,0,0,1,181,1
11,0,0,0,1,0,0,1,0,101,1
11,0,1,0,0,0,0,1,0,0,1
14,0,1,0,0,0,0,1,0,72,1
1,0,0,1,0,0,0,0,1,95,3
13,1,0,0,0,0,0,1,0,41,3
23,0,1,0,0,0,0,1,0,27,3
11,0,0,1,0,0,0,1,0,139,1
13,0,1,0,0,0,0,1,0,16,2
6,1,0,0,0,1,0,0,0,171,2
5,1,0,0,0,0,0,1,0,16,2
23,0,0,1,0,0,0,1,0,156,3
8,0,0,1,0,0,0,1,0,197,2
4,0,0,1,0,1,0,0,0,12,3
15,0,0,0,1,1,0,0,0,89,3
5,0,0,1,0,1,0,0,0,11,3
20,0,0,1,0,0,0,1,0,113,3
0,1,0,0,0,1,0,0,0,110,2
6,0,0,1,0,0,0,1,0,158,1
3,0,0,1,0,1,0,0,0,32,1
7,0,0,1,0,1,0,0,0,157,2
2,0,1,0,0,0,0,0,1,173,2
9,0,0,0,1,1,0,0,0,43,2
6,0,0,0,1,0,0,1,0,116,2
23,0,1,0,0,1,0,0,0,57,2
18,0,1,0,0,0,1,0,0,129,1
15,1,0,0,0,0,1,0,0,194,3
5,0,0,1,0,0,0,0,1,199,3
3,1,0,0,0,0,0,0,1,53,1
13,1,0,0,0,1,0,0,0,8,1
17,1,0,0,0,0,1,0,0,166,1
7,0,0,0,1,0,0,0,1,46,1
11,0,0,1,0,1,0,0,0,140,3
3,0,0,0,1,0,0,1,0,70,2
17,0,0,1,0,0,0,0,1,80,1
5,0,0,1,0,0,0,1,0,155,1
20,1,0,0,0,1,0,0,0,77,1
14,1,0,0,0,0,0,0,1,196,1
19,0,0,0,1,0,0,0,1,25,1
19,1,0,0,0,0,0,0,1,53,1
20,0,0,0,1,0,0,1,0,171,2
11,0,0,1,0,0,0,0,1,42,2
11,0,0,0,1,1,0,0,0,63,3
23,0,0,0,1,1,0,0,0,163,2
3,0,0,1,0,0,0,0,1,168,3
13,0,1,0,0,0,0,0,1,90,1
4,0,0,0,1,1,0,0,0,194,1
8,1,0,0,0,0,0,1,0,81,3
12,1,0,0,0,0,0,1,0,70,1
22,0,0,1,0,0,0,1,0,17,1
18,0,1,0,0,0,1,0,0,50,3
15,0,0,0,1,1,0,0,0,28,1
9,0,1,0,0,0,0,1,0,13,1
17,0,0,1,0,0,0,1,0,120,1
14,0,1,0,0,0,0,0,1,32,3
7,0,0,1,0,0,0,0,1,108,3
0,0,1,0,0,0,0,0,1,24,3
13,0,0,1,0,0,1,0,0,189,3
17,0,0,0,1,1,0,0,0,113,2
22,0,0,0,1,1,0,0,0,138,2
12,1,0,0,0,0,0,0,1,132,3
11,0,0,1,0,0,0,1,0,19,2
6,0,0,0,1,1,0,0,0,198,2
22,0,0,1,0,0,0,1,0,26,3
14,0,1,0,0,0,1,0,0,109,3
18,0,1,0,0,1,0,0,0,188,1
15,0,0,0,1,0,0,0,1,37,2
2,0,1,0,0,0,0,0,1,167,3
23,0,0,1,0,1,0,0,0,134,3
13,0,0,1,0,1,0,0,0,27,3
18,0,1,0,0,0,0,1,0,78,3
18,0,0,1,0,0,1,0,0,65,1
22,0,0,1,0,0,1,0,0,76,2
20,1,0,0,0,1,0,0,0,33,1
6,0,0,0,1,0,0,1,0,177,2
14,0,0,0,1,0,0,0,1,124,1
5,1,0,0,0,0,1,0,0,93,1
21,0,0,0,1,0,1,0,0,112,2
8,0,0,1,0,0,0,0,1,34,2
2,1,0,0,0,0,1,0,0,195,2
15,1,0,0,0,1,0,0,0,191,1
12,0,0,1,0,0,0,1,0,54,1
1,0,0,1,0,0,0,0,1,185,3
22,0,0,1,0,0,1,0,0,41,1
19,0,0,0,1,0,0,1,0,137,2
7,1,0,0,0,0,0,0,1,197,2
3,0,1,0,0,1,0,0,0,33,2
14,0,0,0,1,0,1,0,0,22,2
22,1,0,0,0,0,0,0,1,19,2
2,1,0,0,0,0,0,1,0,103,1
9,0,0,1,0,1,0,0,0,173,1
10,1,0,0,0,0,0,1,0,58,1
11,0,1,0,0,0,0,1,0,75,1
2,0,1,0,0,0,0,1,0,9,1
5,0,0,1,0,0,1,0,0,102,3
14,0,1,0,0,1,0,0,0,11,1
3,0,0,0,1,0,0,0,1,9,1
13,0,0,0,1,0,1,0,0,72,1
7,0,1,0,0,0,0,1,0,26,3
4,0,0,0,1,0,1,0,0,117,2
16,0,1,0,0,0,0,0,1,67,2
0,0,1,0,0,0,0,0,1,138,2
13,1,0,0,0,1,0,0,0,73,3
15,1,0,0,0,0,1,0,0,146,1
21,0,0,1,0,1,0,0,0,196,1
23,0,1,0,0,0,0,1,0,62,1
15,0,1,0,0,0,0,0,1,132,1
23,0,0,1,0,0,1,0,0,170,2
9,0,0,1,0,1,0,0,0,105,1
13,0,0,1,0,0,0,1,0,180,1
7,1,0,0,0,0,1,0,0,106,1
11,0,0,0,1,0,0,1,0,126,2
12,0,1,0,0,0,0,0,1,115,2
2,0,0,0,1,0,0,1,0,136,2
19,1,0,0,0,1,0,0,0,99,2
16,1,0,0,0,1,0,0,0,77,2
0,0,0,0,1,0,0,0,1,82,3
22,0,1,0,0,0,1,0,0,94,1
1,0,0,1,0,0,0,1,0,87,2
13,1,0,0,0,0,1,0,0,12,3
11,1,0,0,0,0,0,0,1,192,1
14,0,1,0,0,0,0,0,1,1,1
20,0,0,1,0,1,0,0,0,29,2
12,0,1,0,0,0,0,1,0,170,3
2,1,0,0,0,0,1,0,0,13,1
10,0,0,0,1,0,0,1,0,148,1
23,0,0,0,1,0,0,0,1,145,2
6,0,1,0,0,1,0,0,0,30,3
2,0,0,1,0,1,0,0,0,29,1
22,0,1,0,0,0,0,1,0,152,3
10,1,0,0,0,0,1,0,0,183,1
0,0,0,1,0,0,1,0,0,150,1
23,0,0,0,1,1,0,0,0,150,2
15,0,0,1,0,0,0,1,0,72,1
21,0,1,0,0,1,0,0,0,130,1
21,0,1,0,0,1,0,0,0,137,1
1,0,0,1,0,1,0,0,0,82,1
10,1,0,0,0,0,1,0,0,167,2
10,0,0,0,1,1,0,0,0,64,3
14,0,0,1,0,0,1,0,0,154,1
21,0,0,0,1,0,0,1,0,191,1
14,1,0,0,0,1,0,0,0,86,2
22,0,0,0,1,0,0,1,0,85,2
23,0,0,0,1,1,0,0,0,150,2
19,1,0,0,0,0,0,0,1,181,1
5,0,0,1,0,0,0,1,0,143,1
8,1,0,0,0,0,1,0,0,131,2
17,0,0,0,1,0,1,0,0,116,1
17,0,1,0,0,1,0,0,0,126,3
16,0,0,0,1,0,1,0,0,58,2
19,1,0,0,0,0,1,0,0,9,2
10,0,0,0,1,0,0,0,1,93,2
9,0,0,1,0,1,0,0,0,63,1
19,0,0,0,1,0,0,1,0,149,3
13,0,0,1,0,0,0,1,0,54,2
21,1,0,0,0,0,0,0,1,4,3
10,0,1,0,0,0,0,1,0,23,3
20,1,0,0,0,1,0,0,0,195,2
6,0,0,1,0,0,0,1,0,185,1
3,1,0,0,0,0,0,0,1,33,2
0,1,0,0,0,0,0,0,1,159,2
19,0,0,1,0,1,0,0,0,122,2
7,0,0,0,1,0,1,0,0,148,2
8,0,0,1,0,0,1,0,0,66,3
3,1,0,0,0,0,0,0,1,109,3
21,0,1,0,0,1,0,0,0,63,1
21,0,0,0,1,1,0,0,0,31,1
16,1,0,0,0,0,0,1,0,182,3
9,0,1,0,0,0,1,0,0,169,2
22,0,0,0,1,0,0,0,1,84,1
3,0,1,0,0,0,1,0,0,156,2
8,0,1,0,0,1,0,0,0,153,1
13,0,0,0,1,1,0,0,0,66,2
22,1,0,0,0,0,0,1,0,58,3
1,1,0,0,0,0,0,0,1,196,1
19,0,0,0,1,0,0,1,0,199,3
23,0,0,0,1,1,0,0,0,136,2
12,0,0,1,0,0,0,1,0,98,1
17,0,1,0,0,0,0,1,0,192,3
7,1,0,0,0,1,0,0,0,144,2
0,1,0,0,0,0,1,0,0,79,2
13,0,0,1,0,1,0,0,0,159,1
1,0,1,0,0,0,0,0,1,86,2
7,1,0,0,0,1,0,0,0,64,2
9,0,0,0,1,0,1,0,0,179,3
23,0,1,0,0,0,1,0,0,167,3
0,1,0,0,0,0,0,1,0,130,3
5,0,0,0,1,0,0,0,1,137,1
17,0,1,0,0,0,0,1,0,162,3
22,1,0,0,0,0,0,0,1,17,1
3,0,0,1,0,1,0,0,0,180,3
19,0,1,0,0,0,1,0,0,178,2
19,0,1,0,0,0,0,0,1,147,1
9,0,0,0,1,0,0,1,0,53,1
23,0,0,0,1,0,0,0,1,92,1
11,1,0,0,0,0,0,0,1,175,1
4,0,0,1,0,1,0,0,0,114,1
13,0,0,1,0,0,0,1,0,13,2
22,0,0,0,1,0,0,0,1,110,3
9,0,0,1,0,0,0,0,1,79,1
5,0,1,0,0,0,1,0,0,190,3
22,0,1,0,0,1,0,0,0,165,1
4,0,1,0,0,1,0,0,0,146,3
12,0,0,0,1,1,0,0,0,186,3
13,0,0,1,0,0,0,1,0,74,2
21,0,1,0,0,0,0,0,1,186,2
16,1,0,0,0,1,0,0,0,196,1
13,0,1,0,0,0,0,0,1,35,2
3,1,0,0,0,0,1,0,0,69,1
20,0,1,0,0,0,0,0,1,136,2
14,0,0,0,1,0,0,1,0,97,3
18,0,0,0,1,0,1,0,0,45,2
0,0,0,0,1,0,0,0,1,62,3
19,0,1,0,0,0,0,1,0,199,2
17,0,1,0,0,0,0,0,1,103,3
14,0,1,0,0,1,0,0,0,109,1
20,0,1,0,0,1,0,0,0,51,1
16,0,1,0,0,1,0,0,0,95,3
22,0,0,1,0,0,0,1,0,95,2
6,0,1,0,0,1,0,0,0,164,3
2,0,1,0,0,0,1,0,0,193,1
14,0,0,1,0,1,0,0,0,60,1
9,0,1,0,0,0,0,1,0,135,1
6,0,1,0,0,0,0,1,0,182,1
8,1,0,0,0,0,0,1,0,126,3
14,0,0,0,1,0,1,0,0,164,3
11,0,1,0,0,0,0,0,1,8,1
17,0,0,1,0,0,0,1,0,89,1
22,1,0,0,0,1,0,0,0,69,2
16,0,0,1,0,0,0,0,1,128,1
7,0,1,0,0,0,0,0,1,99,2
12,0,0,0,1,0,0,0,1,94,2
7,1,0,0,0,0,0,0,1,10,3
8,0,0,0,1,0,0,1,0,142,3
23,0,1,0,0,0,0,0,1,148,2
2,0,0,0,1,1,0,0,0,128,2
5,0,0,0,1,1,0,0,0,86,3
7,0,0,0,1,0,0,1,0,78,2
18,1,0,0,0,0,1,0,0,116,2
2,0,0,0,1,0,0,0,1,67,1
20,0,1,0,0,0,0,0,1,77,3
21,0,0,0,1,0,0,1,0,169,2
2,0,1,0,0,0,0,1,0,53,1
17,0,1,0,0,0,0,0,1,117,2
19,0,0,0,1,0,1,0,0,112,1
1,0,0,0,1,0,0,1,0,40,3
19,1,0,0,0,0,0,0,1,190,3
9,0,0,0,1,0,0,1,0,191,1
5,0,0,0,1,0,0,0,1,62,2
19,0,0,0,1,1,0,0,0,177,1
8,0,0,1,0,0,0,1,0,136,2
21,0,0,0,1,0,0,0,1,91,2
8,0,0,1,0,0,0,0,1,96,3
1,0,1,0,0,0,1,0,0,194,2
7,0,1,0,0,0,1,0,0,127,1
7,0,0,1,0,0,1,0,0,23,2
13,0,0,1,0,0,0,0,1,70,1
18,1,0,0,0,0,0,1,0,17,1
10,1,0,0,0,0,0,1,0,122,1
4,0,0,0,1,1,0,0,0,119,1
0,0,0,0,1,0,1,0,0,122,2
12,0,0,0,1,0,0,1,0,160,2
8,0,0,0,1,1,0,0,0,155,1
4,0,0,1,0,0,1,0,0,128,1
6,0,0,1,0,1,0,0,0,16,1
16,0,0,0,1,0,0,1,0,146,2
14,0,0,1,0,0,0,1,0,55,3
11,0,0,0,1,1,0,0,0,29,3
20,1,0,0,0,0,0,0,1,81,3
21,0,1,0,0,1,0,0,0,67,1
14,1,0,0,0,0,1,0,0,39,2
2,0,0,1,0,0,0,0,1,30,3
0,0,0,0,1,0,1,0,0,60,1
23,0,0,1,0,1,0,0,0,140,3
4,1,0,0,0,0,0,1,0,157,3
3,0,1,0,0,1,0,0,0,171,3
16,0,0,0,1,1,0,0,0,176,2
11,0,0,1,0,1,0,0,0,149,3
6,1,0,0,0,1,0,0,0,145,3
18,0,0,0,1,0,1,0,0,37,3
1,0,1,0,0,1,0,0,0,77,2
9,0,0,1,0,0,1,0,0,118,1
1,1,0,0,0,0,1,0,0,57,3
22,0,0,1,0,0,1,0,0,46,2
21,0,1,0,0,0,1,0,0,59,1
10,0,0,0,1,0,0,1,0,12,1
6,0,0,1,0,1,0,0,0,146,3
4,0,0,0,1,1,0,0,0,74,2
12,0,1,0,0,1,0,0,0,112,3
22,0,1,0,0,0,0,1,0,3,3
16,1,0,0,0,0,0,1,0,2,1
18,1,0,0,0,0,0,1,0,72,3
4,0,0,0,1,0,1,0,0,96,1
14,0,0,0,1,0,0,1,0,157,1
13,0,0,1,0,1,0,0,0,182,1
22,0,0,0,1,1,0,0,0,65,3
0,0,1,0,0,1,0,0,0,49,3
1,0,0,1,0,0,1,0,0,5,1
3,0,0,0,1,0,1,0,0,101,3
10,0,0,1,0,0,0,0,1,99,2
6,0,0,1,0,0,1,0,0,123,2
1,0,1,0,0,0,1,0,0,154,3
11,1,0,0,0,0,1,0,0,81,3
13,1,0,0,0,1,0,0,0,3,1
3,0,1,0,0,0,1,0,0,133,2
23,0,1,0,0,1,0,0,0,52,2
21,1,0,0,0,0,1,0,0,82,3
19,0,0,0,1,0,0,1,0,106,1
6,1,0,0,0,0,0,0,1,100,3
15,0,1,0,0,0,0,1,0,14,2
21,0,0,0,1,0,1,0,0,7,2
13,0,1,0,0,0,1,0,0,81,1
19,1,0,0,0,0,0,0,1,162,2
8,1,0,0,0,0,0,1,0,148,3
8,0,0,1,0,0,0,0,1,151,1
7,0,1,0,0,0,0,0,1,141,1
11,0,0,1,0,0,1,0,0,17,3
18,0,1,0,0,0,0,0,1,199,1
7,0,0,0,1,0,0,0,1,16,2
6,0,1,0,0,1,0,0,0,45,3
15,0,0,0,1,0,0,0,1,23,3
0,1,0,0,0,0,1,0,0,19,1
7,0,0,0,1,0,0,1,0,118,2
23,0,0,0,1,1,0,0,0,81,3
20,1,0,0,0,0,0,0,1,146,1
9,0,0,1,0,0,0,1,0,162,1
15,0,1,0,0,0,1,0,0,180,3
8,0,0,1,0,1,0,0,0,35,2
20,0,0,0,1,0,0,0,1,197,1
15,0,0,0,1,0,0,0,1,139,3
17,1,0,0,0,0,0,0,1,6,3
4,0,0,0,1,0,0,1,0,4,3
13,1,0,0,0,1,0,0,0,49,1
1,1,0,0,0,0,1,0,0,71,3
16,0,1,0,0,1,0,0,0,117,3
5,1,0,0,0,0,0,0,1,74,3
18,0,0,1,0,0,0,0,1,69,3
11,0,1,0,0,0,0,1,0,96,3
17,0,1,0,0,0,0,1,0,42,2
2,0,0,1,0,1,0,0,0,87,3
14,0,0,0,1,0,0,0,1,143,3
14,1,0,0,0,0,1,0,0,36,1
0,0,0,0,1,0,1,0,0,97,1
22,1,0,0,0,0,0,0,1,158,2
8,0,0,1,0,0,1,0,0,68,3
19,0,0,1,0,0,1,0,0,101,1
7,0,1,0,0,0,0,1,0,43,1
10,1,0,0,0,0,0,0,1,47,2
22,1,0,0,0,0,0,0,1,168,3
20,0,1,0,0,1,0,0,0,63,3
12,1,0,0,0,1,0,0,0,80,3
16,0,0,1,0,0,0,0,1,24,3
22,1,0,0,0,0,0,1,0,46,2
18,0,1,0,0,0,0,0,1,45,1
6,0,1,0,0,0,1,0,0,72,3
16,1,0,0,0,0,0,0,1,111,2
14,1,0,0,0,1,0,0,0,137,3
22,0,1,0,0,0,0,1,0,95,3
19,0,1,0,0,0,0,1,0,103,1
22,0,1,0,0,0,1,0,0,1,2
15,0,0,0,1,1,0,0,0,37,3
1,0,0,1,0,0,0,0,1,112,2
9,0,0,0,1,0,0,1,0,177,3
11,0,1,0,0,1,0,0,0,109,3
14,1,0,0,0,1,0,0,0,125,2
9,0,1,0,0,0,0,1,0,155,1
6,0,1,0,0,0,1,0,0,17,1
10,0,1,0,0,1,0,0,0,112,2
2,0,0,1,0,0,0,1,0,45,1
17,1,0,0,0,0,0,1,0,34,1
18,0,0,1,0,0,1,0,0,5,3
0,0,0,0,1,0,0,0,1,141,1
5,0,0,0,1,0,0,0,1,62,2
23,0,0,1,0,1,0,0,0,54,2
7,0,0,1,0,0,0,1,0,177,2
14,0,1,0,0,0,0,0,1,11,2
0,0,0,0,1,1,0,0,0,61,2
11,0,0,1,0,0,0,1,0,110,3
2,1,0,0,0,0,0,1,0,1,1
0,0,1,0,0,0,0,1,0,56,3
23,1,0,0,0,0,0,1,0,188,3
0,1,0,0,0,1,0,0,0,166,1
8,0,0,1,0,0,0,1,0,168,2
14,0,0,0,1,0,0,0,1,136,3
3,0,1,0,0,0,0,1,0,138,1
8,0,0,1,0,0,1,0,0,182,1
20,0,0,1,0,1,0,0,0,146,1
15,0,1,0,0,0,0,1,0,155,2
15,0,0,1,0,0,0,0,1,126,3
23,0,0,1,0,1,0,0,0,118,3
8,0,0,1,0,1,0,0,0,114,3
6,0,0,1,0,0,1,0,0,140,2
18,1,0,0,0,0,1,0,0,26,3
0,0,0,0,1,0,0,0,1,71,3
7,0,0,1,0,0,0,1,0,194,2
8,1,0,0,0,1,0,0,0,150,1
20,0,0,1,0,1,0,0,0,83,1
2,0,0,0,1,0,1,0,0,111,1
17,0,0,1,0,0,0,1,0,35,1
9,0,0,1,0,0,0,1,0,145,1
18,0,0,1,0,0,0,1,0,0,3
8,0,0,1,0,1,0,0,0,72,2
8,0,0,0,1,0,1,0,0,106,1
20,0,1,0,0,0,0,0,1,128,3
10,0,1,0,0,0,0,1,0,9,3
21,1,0,0,0,0,0,0,1,181,2
10,0,0,0,1,0,0,0,1,62,1
11,0,1,0,0,0,0,0,1,161,3
8,1,0,0,0,0,1,0,0,36,1
20,0,0,1,0,1,0,0,0,4,3
2,0,1,0,0,0,1,0,0,24,2
16,0,0,1,0,0,0,0,1,10,1
2,0,0,1,0,1,0,0,0,45,3
21,0,0,1,0,1,0,0,0,167,3
21,0,0,0,1,1,0,0,0,181,1
2,0,0,0,1,0,0,1,0,124,3
11,0,0,0,1,0,1,0,0,37,3
1,1,0,0,0,0,0,1,0,47,3
16,0,0,1,0,0,1,0,0,152,1
10,0,0,0,1,0,0,1,0,190,2
0,0,0,0,1,0,1,0,0,186,3
18,0,0,1,0,0,1,0,0,150,1
22,0,0,1,0,0,1,0,0,40,2
17,0,0,1,0,0,0,0,1,95,1
5,0,1,0,0,0,0,0,1,169,1
19,0,1,0,0,0,1,0,0,72,1
18,0,0,1,0,0,0,1,0,142,2
10,0,1,0,0,0,0,1,0,140,3
15,0,1,0,0,0,0,0,1,169,2
16,1,0,0,0,0,0,0,1,4,1
6,0,0,0,1,0,0,0,1,145,3
19,0,0,0,1,0,1,0,0,153,3
7,0,1,0,0,0,0,0,1,193,2
19,0,1,0,0,0,0,1,0,192,2
15,0,1,0,0,1,0,0,0,78,3
8,1,0,0,0,0,1,0,0,50,2
5,0,0,1,0,0,0,0,1,145,1
19,1,0,0,0,0,1,0,0,4,1
2,0,1,0,0,0,0,0,1,107,1
5,1,0,0,0,0,0,1,0,114,2
10,1,0,0,0,0,0,0,1,145,3
4,0,1,0,0,0,1,0,0,168,2
17,1,0,0,0,0,1,0,0,138,2
3,0,0,1,0,0,1,0,0,177,1
10,1,0,0,0,0,0,0,1,86,1
3,0,0,1,0,0,1,0,0,91,2
3,0,0,1,0,0,1,0,0,154,3
17,1,0,0,0,0,0,1,0,51,1
22,1,0,0,0,0,0,0,1,60,1
0,1,0,0,0,0,1,0,0,1,3
2,0,1,0,0,0,1,0,0,60,3
6,0,0,0,1,1,0,0,0,9,3
3,0,0,1,0,0,0,1,0,45,3
12,1,0,0,0,0,1,0,0,178,1
2,0,0,1,0,1,0,0,0,42,1
11,0,0,1,0,1,0,0,0,67,1
6,0,1,0,0,0,0,1,0,49,3
9,0,0,1,0,0,0,1,0,170,1
19,0,0,0,1,0,0,1,0,146,3
9,0,1,0,0,0,0,0,1,31,1
10,1,0,0,0,0,1,0,0,171,2
4,0,1,0,0,1,0,0,0,159,2
1,0,0,0,1,0,0,1,0,193,1
4,0,1,0,0,1,0,0,0,143,2
22,0,0,1,0,0,0,1,0,98,3
22,0,0,1,0,0,1,0,0,61,2
22,0,0,0,1,0,0,0,1,12,3
1,0,0,1,0,0,1,0,0,83,3
4,0,0,1,0,0,0,0,1,4,1
10,0,1,0,0,0,0,0,1,85,3
20,0,0,0,1,0,1,0,0,167,2
4,0,1,0,0,0,1,0,0,8,3
1,0,1,0,0,1,0,0,0,62,2
9,0,0,0,1,0,1,0,0,62,2
17,1,0,0,0,0,0,0,1,33,2
16,0,1,0,0,1,0,0,0,150,2
23,0,0,0,1,0,1,0,0,160,3
23,0,0,0,1,0,1,0,0,38,3
19,1,0,0,0,0,0,0,1,108,1
23,0,0,0,1,0,1,0,0,132,2
4,0,0,0,1,0,0,1,0,194,3
2,0,0,0,1,1,0,0,0,11,3
12,0,0,0,1,0,0,0,1,73,3
11,1,0,0,0,0,0,1,0,5,1
4,1,0,0,0,0,1,0,0,98,2
16,1,0,0,0,0,0,0,1,120,1
5,1,0,0,0,0,0,1,0,192,2
12,1,0,0,0,0,0,0,1,112,2
22,0,0,0,1,0,0,1,0,75,3
15,1,0,0,0,0,0,1,0,153,1
14,1,0,0,0,1,0,0,0,180,1
8,0,0,1,0,1,0,0,0,132,3
23,0,1,0,0,0,0,1,0,173,3
21,0,0,0,1,0,0,0,1,128,2
4,0,0,0,1,1,0,0,0,131,3
14,1,0,0,0,0,1,0,0,77,3
11,0,0,1,0,0,0,1,0,6,3
16,0,0,0,1,0,1,0,0,133,3
17,0,0,0,1,0,0,1,0,49,2
12,0,1,0,0,1,0,0,0,97,3
6,0,0,0,1,0,1,0,0,192,1
21,0,0,0,1,0,0,1,0,43,1
6,0,0,0,1,1,0,0,0,143,3
8,1,0,0,0,0,1,0,0,6,1
8,0,0,1,0,0,0,1,0,102,2
10,1,0,0,0,0,1,0,0,190,3
0,0,0,0,1,0,0,0,1,42,1
0,0,0,0,1,0,1,0,0,49,3
0,0,0,1,0,0,0,0,1,121,1
12,1,0,0,0,0,0,0,1,114,3
5,0,0,1,0,0,0,1,0,191,2
23,0,1,0,0,1,0,0,0,46,3
9,0,0,1,0,0,0,0,1,143,2
7,0,0,0,1,0,1,0,0,60,1
2,0,1,0,0,0,1,0,0,182,1
23,0,1,0,0,0,1,0,0,176,2
10,0,0,0,1,0,1,0,0,177,2
17,0,0,0,1,0,1,0,0,197,2
21,1,0,0,0,0,0,1,0,176,1
9,0,1,0,0,0,0,1,0,82,1
19,1,0,0,0,0,0,1,0,35,1
23,1,0,0,0,1,0,0,0,0,2
11,0,0,0,1,1,0,0,0,3,3
15,0,0,0,1,0,0,0,1,43,3
21,0,0,1,0,1,0,0,0,4,3
3,0,1,0,0,0,1,0,0,181,3
14,0,0,1,0,0,0,0,1,50,2
1,1,0,0,0,0,0,1,0,150,3
20,0,0,1,0,0,0,1,0,141,3
1,0,0,0,1,1,0,0,0,178,3
3,0,0,1,0,0,0,0,1,33,2
23,0,0,1,0,0,0,1,0,172,3
20,0,1,0,0,0,0,0,1,107,1
12,0,1,0,0,0,1,0,0,58,2
12,1,0,0,0,0,0,0,1,65,2
11,0,0,0,1,0,1,0,0,69,2
23,1,0,0,0,1,0,0,0,16,1
4,0,1,0,0,0,1,0,0,150,1
14,0,0,1,0,0,0,1,0,98,2
16,0,0,0,1,0,0,0,1,49,1
0,0,0,0,1,0,0,0,1,114,2
14,1,0,0,0,0,0,1,0,17,1
21,0,1,0,0,1,0,0,0,151,2
19,0,1,0,0,0,0,0,1,195,1
21,0,1,0,0,0,0,0,1,178,2
11,0,0,0,1,0,0,1,0,178,2
12,1,0,0,0,0,1,0,0,168,3
7,0,0,0,1,1,0,0,0,84,2
17,1,0,0,0,0,1,0,0,37,3
12,1,0,0,0,0,0,1,0,102,2
12,1,0,0,0,0,0,1,0,45,3
17,0,1,0,0,0,0,0,1,168,1
2,0,0,1,0,0,1,0,0,168,3
10,1,0,0,0,0,0,1,0,40,3
18,1,0,0,0,0,0,0,1,123,3
17,0,0,0,1,0,1,0,0,72,3
15,0,0,1,0,0,1,0,0,151,1
0,0,0,1,0,0,1,0,0,168,1
3,0,0,1,0,0,0,0,1,169,1
12,0,0,1,0,0,0,1,0,53,3
7,0,0,1,0,0,1,0,0,187,2
16,0,0,0,1,0,0,1,0,197,1
3,1,0,0,0,0,0,1,0,46,1
13,0,1,0,0,0,1,0,0,192,3
14,0,1,0,0,0,0,1,0,140,3
5,0,0,0,1,0,0,0,1,128,3
6,1,0,0,0,1,0,0,0,100,1
3,0,1,0,0,0,1,0,0,148,2
19,0,0,0,1,1,0,0,0,77,3
16,0,0,1,0,0,0,1,0,153,1
0,1,0,0,0,0,1,0,0,27,2
0,0,0,1,0,1,0,0,0,52,1
11,0,1,0,0,1,0,0,0,193,3
19,0,0,1,0,1,0,0,0,129,1
0,1,0,0,0,0,0,0,1,57,3
6,0,0,1,0,0,1,0,0,125,3
14,0,1,0,0,0,0,0,1,131,1
22,0,1,0,0,1,0,0,0,22,3
1,0,0,0,1,0,1,0,0,27,3
21,0,1,0,0,0,1,0,0,7,1
5,1,0,0,0,0,0,0,1,22,3
3,0,0,1,0,0,1,0,0,115,1
4,0,1,0,0,0,0,1,0,158,2
12,0,0,1,0,0,0,1,0,159,3
6,0,0,0,1,1,0,0,0,45,2
15,1,0,0,0,1,0,0,0,1,1
19,1,0,0,0,0,0,0,1,178,2
22,1,0,0,0,0,0,1,0,39,3
10,0,0,0,1,0,0,1,0,185,1
16,1,0,0,0,1,0,0,0,31,3
14,1,0,0,0,0,0,0,1,39,1
9,0,0,1,0,0,0,0,1,161,3
1,0,0,0,1,1,0,0,0,89,1
15,1,0,0,0,0,1,0,0,135,3
21,0,1,0,0,1,0,0,0,199,2
13,1,0,0,0,0,1,0,0,74,2
3,0,1,0,0,0,0,1,0,97,3
1,1,0,0,0,0,0,1,0,23,2
11,0,1,0,0,0,1,0,0,178,3
2,0,1,0,0,1,0,0,0,15,1
14,1,0,0,0,0,0,1,0,47,1
17,0,0,0,1,0,0,1,0,135,1
22,0,1,0,0,0,0,0,1,144,3
16,0,1,0,0,0,0,1,0,106,3
9,1,0,0,0,0,1,0,0,170,3
20,1,0,0,0,0,0,1,0,26,2
18,0,1,0,0,0,0,0,1,195,3
1,0,1,0,0,1,0,0,0,19,1
9,0,0,1,0,0,1,0,0,171,2
14,0,1,0,0,0,1,0,0,71,1
18,0,0,0,1,0,0,0,1,137,3
13,0,1,0,0,0,0,0,1,140,3
9,1,0,0,0,0,1,0,0,29,2
17,0,1,0,0,1,0,0,0,171,1
22,0,1,0,0,0,0,1,0,2,2
19,0,1,0,0,0,0,1,0,179,1
12,1,0,0,0,0,0,1,0,179,3
2,1,0,0,0,0,0,1,0,21,3
22,1,0,0,0,0,1,0,0,180,3
2,1,0,0,0,1,0,0,0,166,1
6,0,1,0,0,0,0,1,0,149,3
9,0,0,1,0,1,0,0,0,78,3
23,0,0,0,1,0,0,0,1,149,1
13,0,0,1,0,0,1,0,0,25,2
11,0,1,0,0,1,0,0,0,14,2
0,0,0,1,0,1,0,0,0,72,3
16,0,0,1,0,0,0,0,1,46,1
18,1,0,0,0,0,0,1,0,131,1
12,0,1,0,0,1,0,0,0,16,1
8,0,0,1,0,0,0,0,1,112,1
0,1,0,0,0,0,0,1,0,88,1
1,0,1,0,0,0,0,0,1,181,3
15,0,0,0,1,0,0,1,0,179,2
12,0,0,1,0,0,1,0,0,55,3
14,1,0,0,0,0,1,0,0,132,3
16,1,0,0,0,1,0,0,0,4,1
6,0,1,0,0,0,0,1,0,140,1
3,0,1,0,0,0,0,1,0,36,2
13,1,0,0,0,1,0,0,0,127,2
6,1,0,0,0,0,0,1,0,190,3
13,1,0,0,0,0,1,0,0,153,2
5,1,0,0,0,0,0,1,0,34,1
8,0,0,0,1,1,0,0,0,166,2
6,0,0,0,1,0,1,0,0,35,3
0,0,0,1,0,0,0,1,0,102,2
17,0,0,1,0,1,0,0,0,69,3
17,0,0,1,0,0,0,0,1,187,1
15,0,0,0,1,0,0,1,0,111,3
1,0,0,0,1,0,0,1,0,112,1
21,0,0,1,0,1,0,0,0,174,3
3,1,0,0,0,0,0,1,0,88,2
16,0,1,0,0,1,0,0,0,188,2
12,0,0,0,1,0,1,0,0,104,1
15,0,1,0,0,0,0,0,1,55,2
6,1,0,0,0,0,0,0,1,82,3
15,1,0,0,0,0,1,0,0,149,3
10,1,0,0,0,0,0,0,1,104,1
0,0,0,1,0,0,0,1,0,143,2
5,0,1,0,0,0,0,1,0,83,1
4,0,0,1,0,0,1,0,0,197,3
10,0,0,1,0,0,0,0,1,46,1
6,0,1,0,0,0,1,0,0,58,2
23,0,0,0,1,0,0,1,0,96,2
4,0,1,0,0,1,0,0,0,131,3
5,0,0,0,1,0,1,0,0,49,2
4,0,0,0,1,1,0,0,0,157,3
13,1,0,0,0,0,0,0,1,151,2
18,1,0,0,0,0,1,0,0,186,1
16,0,0,0,1,0,0,1,0,30,1
17,0,0,1,0,0,0,0,1,125,1
13,1,0,0,0,0,0,0,1,118,2
8,0,1,0,0,0,0,0,1,114,2
2,0,0,0,1,0,1,0,0,14,3
1,0,0,1,0,0,0,0,1,1,2
3,0,0,1,0,0,0,0,1,24,2
17,0,0,1,0,0,0,0,1,10,2
18,0,1,0,0,1,0,0,0,34,1
11,1,0,0,0,0,1,0,0,12,3
19,1,0,0,0,0,1,0,0,89,3
17,0,1,0,0,0,0,0,1,74,2
14,0,1,0,0,0,1,0,0,108,1
13,0,1,0,0,1,0,0,0,132,3
1,0,0,0,1,1,0,0,0,3,1
0,1,0,0,0,0,0,1,0,55,2
18,0,1,0,0,0,0,1,0,51,3
21,0,1,0,0,0,1,0,0,155,1
5,0,0,1,0,0,0,1,0,128,2
9,0,0,1,0,0,0,0,1,143,1
10,0,1,0,0,1,0,0,0,130,3
13,0,0,0,1,0,0,1,0,36,3
6,0,1,0,0,1,0,0,0,102,1
18,1,0,0,0,0,1,0,0,137,2
17,0,0,1,0,0,1,0,0,78,1
3,1,0,0,0,0,1,0,0,132,2
8,1,0,0,0,0,0,1,0,80,3
6,0,0,1,0,0,0,0,1,44,2
15,1,0,0,0,0,0,0,1,188,1
23,0,0,1,0,0,1,0,0,169,2
22,1,0,0,0,0,1,0,0,127,2
4,0,0,1,0,0,0,0,1,86,1
19,0,0,1,0,0,0,1,0,132,3
9,0,1,0,0,0,1,0,0,179,1
18,0,0,1,0,0,1,0,0,195,1
7,0,0,1,0,0,1,0,0,46,1
8,0,0,1,0,1,0,0,0,178,3
20,0,0,1,0,0,0,1,0,108,1
1,1,0,0,0,0,0,0,1,141,3
22,0,0,0,1,0,0,0,1,68,2
21,0,0,0,1,0,0,1,0,11,3
4,1,0,0,0,1,0,0,0,165,2
4,0,0,0,1,0,0,1,0,21,3
3,0,0,0,1,0,0,0,1,55,3
21,0,0,0,1,1,0,0,0,70,1
14,0,0,1,0,0,1,0,0,185,1
23,0,0,1,0,0,0,0,1,54,1
7,0,0,0,1,1,0,0,0,68,1
4,1,0,0,0,0,0,0,1,156,1
21,0,1,0,0,0,0,0,1,191,2
19,1,0,0,0,0,0,1,0,177,3
10,0,0,0,1,0,1,0,0,101,1
8,0,1,0,0,1,0,0,0,145,3
16,0,0,0,1,0,1,0,0,138,2
9,0,1,0,0,0,0,1,0,127,1
20,1,0,0,0,1,0,0,0,48,2
1,0,0,0,1,0,0,0,1,49,3
17,0,0,1,0,0,0,1,0,43,2
9,0,0,0,1,1,0,0,0,143,2
8,0,0,0,1,1,0,0,0,43,1
23,0,0,1,0,0,1,0,0,41,2
0,1,0,0,0,0,1,0,0,157,3
5,0,0,0,1,0,1,0,0,103,3
8,0,0,0,1,0,1,0,0,21,1
19,0,0,0,1,1,0,0,0,196,3
9,0,1,0,0,0,0,0,1,109,2
8,1,0,0,0,0,0,0,1,122,1
14,0,0,1,0,0,0,1,0,97,2
21,0,0,1,0,0,0,1,0,175,1
6,1,0,0,0,0,0,0,1,63,2
23,0,1,0,0,0,0,1,0,107,2
5,0,1,0,0,0,0,0,1,39,2
8,0,1,0,0,1,0,0,0,3,1
1,0,0,1,0,0,0,1,0,104,3
16,0,0,1,0,0,0,0,1,169,3
19,0,0,0,1,0,1,0,0,30,3
2,1,0,0,0,1,0,0,0,194,2
10,0,1,0,0,0,0,0,1,159,2
10,0,0,1,0,1,0,0,0,84,2
5,0,1,0,0,1,0,0,0,189,3
13,0,1,0,0,0,1,0,0,170,1
4,0,0,1,0,0,0,0,1,199,2
1,0,0,1,0,0,0,1,0,187,2
11,0,0,1,0,0,1,0,0,88,3
19,0,0,0,1,0,1,0,0,166,2
22,0,0,0,1,0,1,0,0,176,1
1,0,0,1,0,0,1,0,0,198,3
22,0,0,1,0,0,1,0,0,130,1
12,0,0,1,0,0,1,0,0,184,1
8,0,0,0,1,0,0,1,0,154,3
12,0,0,1,0,0,0,0,1,151,3
23,0,1,0,0,0,0,0,1,57,3
8,1,0,0,0,1,0,0,0,33,1
20,0,0,1,0,0,1,0,0,178,1
20,0,0,0,1,0,1,0,0,75,2
10,0,1,0,0,0,0,0,1,185,1
16,0,1,0,0,1,0,0,0,70,2
12,0,1,0,0,0,1,0,0,191,3
6,0,0,0,1,1,0,0,0,64,1
15,0,0,0,1,1,0,0,0,140,1
7,0,0,0,1,1,0,0,0,18,2
21,0,0,1,0,1,0,0,0,164,2
22,0,0,1,0,0,0,0,1,28,3
12,1,0,0,0,0,1,0,0,81,1
1,0,0,0,1,0,1,0,0,109,1
1,0,1,0,0,0,1,0,0,164,1
16,0,0,1,0,0,0,1,0,59,2
21,0,0,0,1,0,1,0,0,117,3
1,0,0,1,0,1,0,0,0,10,3
13,0,0,1,0,0,1,0,0,32,2
14,1,0,0,0,1,0,0,0,43,3
4,1,0,0,0,0,0,1,0,48,2
9,1,0,0,0,0,0,1,0,91,3
7,0,0,1,0,1,0,0,0,142,1
3,0,1,0,0,0,0,1,0,119,3
3,0,1,0,0,0,1,0,0,5,2
20,0,0,1,0,1,0,0,0,182,1
18,0,0,1,0,1,0,0,0,110,2
18,0,0,1,0,0,0,1,0,11,1
17,1,0,0,0,0,0,0,1,185,2
22,0,0,1,0,1,0,0,0,144,2
17,0,0,0,1,0,0,1,0,89,3
4,1,0,0,0,0,0,1,0,132,2
5,0,1,0,0,0,0,1,0,50,3
3,0,0,0,1,0,1,0,0,135,1
23,0,0,0,1,0,0,0,1,28,3
8,0,0,0,1,0,1,0,0,48,3
0,0,1,0,0,0,1,0,0,108,2
12,0,0,1,0,0,0,1,0,166,3
10,0,0,0,1,0,0,0,1,48,2
6,0,0,0,1,0,0,0,1,32,3
15,0,0,1,0,0,0,1,0,122,3
22,0,0,0,1,0,1,0,0,190,3
11,1,0,0,0,0,1,0,0,94,3
17,0,0,0,1,1,0,0,0,181,2
6,0,0,0,1,1,0,0,0,111,2
17,0,1,0,0,0,0,1,0,104,2
16,1,0,0,0,1,0,0,0,164,1
23,0,0,1,0,0,0,0,1,121,3
11,1,0,0,0,0,0,0,1,199,3
8,0,1,0,0,0,1,0,0,151,2
21,0,0,0,1,1,0,0,0,16,2
23,0,0,0,1,0,0,1,0,129,3
0,0,0,1,0,0,1,0,0,89,1
7,1,0,0,0,1,0,0,0,75,3
20,1,0,0,0,0,0,1,0,89,2
18,1,0,0,0,0,1,0,0,121,2
20,0,0,0,1,0,0,1,0,164,3
14,0,1,0,0,0,0,0,1,112,1
16,0,0,1,0,0,0,0,1,137,3
23,0,1,0,0,1,0,0,0,138,2
15,1,0,0,0,1,0,0,0,159,3
8,0,0,1,0,0,0,1,0,94,1
3,0,0,1,0,0,0,1,0,78,1
8,1,0,0,0,0,0,0,1,32,3
16,0,0,0,1,0,1,0,0,181,2
3,0,0,1,0,0,0,0,1,23,1
21,0,0,0,1,0,1,0,0,11,2
11,0,0,1,0,0,0,0,1,67,3
20,0,1,0,0,0,1,0,0,38,2
8,0,1,0,0,0,1,0,0,59,3
16,0,0,0,1,0,0,1,0,40,1
0,1,0,0,0,1,0,0,0,2,3
18,0,0,1,0,0,1,0,0,8,1
15,0,0,1,0,0,1,0,0,90,2
9,0,0,0,1,0,1,0,0,45,3
0,1,0,0,0,0,0,1,0,13,2
10,0,0,0,1,1,0,0,0,128,1
21,0,1,0,0,1,0,0,0,118,1
6,0,0,0,1,0,1,0,0,48,1
11,0,0,1,0,0,0,1,0,174,3
13,0,1,0,0,0,0,0,1,196,1
21,0,0,0,1,1,0,0,0,125,2
16,0,0,1,0,0,0,0,1,171,3
2,0,0,1,0,1,0,0,0,111,2
18,1,0,0,0,0,0,1,0,191,3
21,0,0,0,1,0,1,0,0,109,1
5,0,0,1,0,1,0,0,0,136,1
16,0,0,0,1,0,0,0,1,65,3
18,0,0,0,1,1,0,0,0,91,1
14,0,1,0,0,0,0,0,1,168,3
12,0,1,0,0,0,0,0,1,90,2
19,1,0,0,0,0,0,1,0,136,1
19,0,0,0,1,1,0,0,0,179,3
19,1,0,0,0,1,0,0,0,135,3
2,0,0,0,1,0,0,0,1,58,3
23,0,0,1,0,1,0,0,0,171,2
0,0,1,0,0,0,0,0,1,123,1
10,1,0,0,0,0,0,1,0,92,2
5,0,1,0,0,0,0,0,1,46,2
22,0,1,0,0,0,1,0,0,55,1
19,1,0,0,0,1,0,0,0,107,2
6,0,0,0,1,0,1,0,0,1,1
4,0,0,1,0,1,0,0,0,195,2
4,0,0,0,1,0,0,1,0,115,1
7,0,1,0,0,0,0,1,0,66,2
10,0,1,0,0,0,0,1,0,135,3
2,0,0,0,1,0,0,0,1,66,2
15,0,0,0,1,0,1,0,0,1,3
1,0,0,0,1,0,1,0,0,182,2
7,0,0,1,0,1,0,0,0,133,1
15,0,0,0,1,0,1,0,0,47,3
0,1,0,0,0,0,1,0,0,95,3
1,0,0,1,0,1,0,0,0,34,3
2,0,1,0,0,1,0,0,0,73,3
19,0,0,0,1,1,0,0,0,171,2
3,0,1,0,0,0,0,0,1,1,3
3,0,0,0,1,1,0,0,0,183,2
21,1,0,0,0,0,0,0,1,14,3
14,0,1,0,0,0,1,0,0,19,2
6,1,0,0,0,0,0,0,1,151,2
19,1,0,0,0,0,1,0,0,6,1
16,0,0,0,1,0,1,0,0,114,3
4,0,0,1,0,1,0,0,0,74,1
13,0,0,0,1,0,1,0,0,66,2
20,0,1,0,0,1,0,0,0,53,2
7,0,0,0,1,0,0,0,1,130,1
7,1,0,0,0,0,0,0,1,199,1
21,0,0,1,0,0,0,1,0,187,1
18,0,0,1,0,0,1,0,0,136,2
15,0,0,1,0,0,1,0,0,2,1
13,0,0,1,0,0,1,0,0,107,2
10,0,0,1,0,0,0,1,0,127,3
0,1,0,0,0,0,1,0,0,43,1
7,0,0,1,0,1,0,0,0,109,3
15,0,0,1,0,1,0,0,0,67,1
21,1,0,0,0,0,1,0,0,163,2
13,0,0,0,1,0,0,1,0,190,3
20,0,0,1,0,0,0,1,0,167,1
23,0,0,0,1,1,0,0,0,82,2
8,0,1,0,0,0,0,1,0,79,2
1,1,0,0,0,0,1,0,0,123,1
11,0,0,1,0,0,0,1,0,153,2
8,0,0,0,1,0,0,0,1,84,1
9,0,0,1,0,0,0,0,1,35,3
4,1,0,0,0,0,0,0,1,109,3
13,0,0,0,1,0,0,1,0,27,3
16,1,0,0,0,1,0,0,0,124,2
9,0,0,0,1,1,0,0,0,30,1
5,0,1,0,0,0,1,0,0,158,2
3,1,0,0,0,0,1,0,0,95,1
17,0,1,0,0,0,0,1,0,115,2
15,0,0,1,0,0,0,1,0,138,2
0,1,0,0,0,0,1,0,0,15,3
14,0,0,1,0,0,0,1,0,163,2
18,0,0,1,0,0,0,0,1,80,2
23,1,0,0,0,0,0,1,0,136,2
16,0,0,1,0,0,0,1,0,69,2
0,1,0,0,0,0,1,0,0,78,2
21,0,0,0,1,1,0,0,0,57,2
23,0,0,1,0,0,0,0,1,181,1
14,0,1,0,0,1,0,0,0,134,2
3,0,0,1,0,0,0,0,1,100,3
12,0,0,1,0,0,1,0,0,186,2
6,1,0,0,0,0,0,1,0,27,3
14,0,0,0,1,1,0,0,0,16,3
19,0,1,0,0,1,0,0,0,193,3
15,1,0,0,0,1,0,0,0,182,2
10,0,0,1,0,0,0,1,0,17,2
14,1,0,0,0,0,1,0,0,75,2
15,0,1,0,0,0,0,1,0,62,3
18,1,0,0,0,0,0,1,0,39,1
18,1,0,0,0,1,0,0,0,184,1
1,1,0,0,0,0,0,1,0,75,2
0,0,0,0,1,0,1,0,0,131,1
6,0,0,1,0,0,0,1,0,70,2
2,0,1,0,0,1,0,0,0,185,1
13,0,0,1,0,0,0,0,1,105,2
3,0,1,0,0,0,1,0,0,176,1
9,0,0,1,0,0,1,0,0,118,2
12,0,1,0,0,0,0,1,0,88,1
21,0,0,1,0,0,1,0,0,29,1
1,0,1,0,0,0,1,0,0,129,3
1,0,0,0,1,0,1,0,0,38,3
19,0,1,0,0,0,0,1,0,37,3
4,1,0,0,0,0,0,0,1,142,2
22,0,1,0,0,0,0,0,1,122,1
5,0,1,0,0,0,1,0,0,146,2
0,1,0,0,0,1,0,0,0,98,2
8,0,0,0,1,0,1,0,0,54,3
3,0,0,0,1,0,0,0,1,165,2
18,0,0,0,1,1,0,0,0,166,1
17,0,0,1,0,0,0,1,0,141,1
16,0,0,0,1,0,1,0,0,121,1
2,0,1,0,0,0,1,0,0,100,2
3,1,0,0,0,0,0,1,0,131,3
11,0,0,0,1,1,0,0,0,13,2
20,1,0,0,0,0,0,0,1,70,3
9,0,1,0,0,0,1,0,0,123,1
11,1,0,0,0,0,0,1,0,21,3
2,0,0,0,1,0,0,1,0,4,1
15,0,1,0,0,0,0,0,1,105,3
10,0,0,1,0,0,0,1,0,129,2
13,1,0,0,0,0,1,0,0,105,3
22,0,1,0,0,0,1,0,0,62,1
4,0,1,0,0,0,1,0,0,189,1
5,1,0,0,0,0,1,0,0,141,3
18,0,0,0,1,0,1,0,0,89,2
15,0,0,0,1,0,0,0,1,188,1
8,0,0,0,1,1,0,0,0,7,1
18,0,1,0,0,1,0,0,0,90,1
13,0,0,1,0,0,0,0,1,192,1
16,0,0,1,0,0,0,1,0,62,3
6,1,0,0,0,0,1,0,0,133,1
7,0,0,0,1,1,0,0,0,197,1
22,0,1,0,0,1,0,0,0,123,2
19,1,0,0,0,0,1,0,0,92,3
12,0,0,1,0,0,0,0,1,79,3
9,0,1,0,0,0,0,0,1,197,3
9,0,1,0,0,0,0,0,1,60,2
22,0,0,0,1,0,1,0,0,142,1
15,0,0,1,0,0,1,0,0,109,3
6,1,0,0,0,1,0,0,0,61,2
23,0,1,0,0,0,1,0,0,55,1
0,0,0,1,0,1,0,0,0,127,2
16,0,0,0,1,0,1,0,0,5,2
13,0,0,1,0,0,0,0,1,109,1
15,0,1,0,0,1,0,0,0,186,1
3,0,0,0,1,0,0,0,1,96,2
13,1,0,0,0,0,0,0,1,129,2
6,0,0,1,0,0,0,0,1,82,3
17,0,0,1,0,0,1,0,0,7,3
2,0,0,0,1,0,0,0,1,169,1
23,0,0,0,1,0,0,0,1,116,3
15,0,0,0,1,0,0,0,1,102,1
18,0,1,0,0,0,0,1,0,183,2
15,0,0,1,0,1,0,0,0,196,3
4,0,0,1,0,0,0,0,1,36,1
6,0,1,0,0,1,0,0,0,94,3
21,0,0,1,0,0,0,1,0,137,3
7,0,1,0,0,0,1,0,0,80,3
17,0,1,0,0,1,0,0,0,165,1
15,0,0,1,0,0,1,0,0,131,3
2,0,1,0,0,0,1,0,0,123,1
14,1,0,0,0,0,0,0,1,62,3
9,0,1,0,0,0,0,0,1,84,3
5,0,0,1,0,0,1,0,0,12,2
21,0,0,0,1,0,0,0,1,140,1
4,0,0,0,1,0,0,1,0,14,1
10,0,0,0,1,1,0,0,0,197,3
17,1,0,0,0,0,1,0,0,74,2
22,0,0,0,1,0,1,0,0,187,3
11,0,0,1,0,0,0,0,1,11,2
15,0,0,1,0,0,0,1,0,41,3
20,0,0,0,1,0,0,0,1,51,1
9,1,0,0,0,1,0,0,0,67,1
21,1,0,0,0,0,0,0,1,147,3
8,0,1,0,0,0,0,1,0,72,1
6,0,1,0,0,0,0,1,0,183,2
21,0,0,0,1,0,1,0,0,139,2
9,0,1,0,0,1,0,0,0,1,1
15,0,0,0,1,0,0,1,0,71,3
2,1,0,0,0,0,0,0,1,167,1
20,1,0,0,0,0,0,0,1,88,2
6,0,0,1,0,0,0,1,0,9,1
11,0,0,1,0,0,1,0,0,92,2
16,0,0,0,1,1,0,0,0,30,3
12,1,0,0,0,0,0,0,1,86,3
12,0,1,0,0,0,0,1,0,170,2
21,1,0,0,0,0,1,0,0,26,2
18,0,1,0,0,0,0,0,1,135,2
21,0,0,0,1,1,0,0,0,4,1
7,0,1,0,0,0,0,0,1,85,1
15,1,0,0,0,0,0,1,0,144,1
2,1,0,0,0,0,1,0,0,160,3
3,0,1,0,0,1,0,0,0,41,1
13,1,0,0,0,0,0,1,0,129,1
15,0,0,0,1,1,0,0,0,90,3
7,0,0,0,1,0,0,1,0,66,1
1,1,0,0,0,0,1,0,0,48,1
23,0,0,1,0,0,1,0,0,161,1
21,0,1,0,0,1,0,0,0,189,1
3,1,0,0,0,0,1,0,0,72,1
2,0,0,1,0,0,0,0,1,10,3
11,1,0,0,0,0,1,0,0,126,2
16,1,0,0,0,0,0,0,1,179,1
5,0,0,0,1,1,0,0,0,198,2
7,0,0,0,1,0,0,0,1,81,2
23,0,0,0,1,0,1,0,0,58,2
11,0,0,1,0,0,0,0,1,86,3
22,1,0,0,0,0,0,1,0,171,3
14,0,0,0,1,0,1,0,0,144,2
10,0,0,0,1,1,0,0,0,142,3
1,1,0,0,0,0,0,1,0,127,3
8,1,0,0,0,0,1,0,0,195,1
23,0,0,0,1,0,1,0,0,104,3
16,0,0,1,0,0,0,0,1,145,3
21,0,0,1,0,0,1,0,0,4,3
4,1,0,0,0,0,1,0,0,197,2
1,0,0,0,1,1,0,0,0,3,3
9,1,0,0,0,0,1,0,0,139,3
23,0,1,0,0,0,0,0,1,94,3
2,0,1,0,0,0,1,0,0,95,1
17,0,0,1,0,1,0,0,0,6,3
7,0,1,0,0,0,0,1,0,95,3
4,1,0,0,0,0,0,1,0,128,1
18,1,0,0,0,1,0,0,0,191,3
2,0,0,1,0,0,0,0,1,125,3
2,0,1,0,0,1,0,0,0,139,2
8,0,0,1,0,0,0,0,1,135,3
17,0,0,1,0,0,1,0,0,125,2
21,1,0,0,0,0,0,1,0,90,3
21,0,0,0,1,1,0,0,0,146,2
18,0,0,1,0,1,0,0,0,120,2
2,0,0,0,1,0,0,0,1,197,1
16,0,0,1,0,1,0,0,0,196,3
16,0,1,0,0,0,0,0,1,0,2
7,1,0,0,0,0,0,1,0,111,1
8,0,0,0,1,0,0,1,0,6,2
21,0,0,1,0,1,0,0,0,149,1
14,0,0,1,0,0,0,1,0,90,3
0,0,0,0,1,0,0,0,1,125,1
12,0,0,0,1,0,0,0,1,178,3
6,0,1,0,0,1,0,0,0,68,1
7,0,1,0,0,0,0,1,0,185,3
6,0,1,0,0,1,0,0,0,32,2
9,0,0,1,0,0,0,1,0,111,1
5,1,0,0,0,0,1,0,0,39,1
4,0,1,0,0,0,0,0,1,72,3
18,1,0,0,0,0,0,0,1,48,2
3,0,0,0,1,0,0,1,0,128,1
8,1,0,0,0,0,1,0,0,44,1
12,0,1,0,0,0,0,1,0,142,1
9,1,0,0,0,0,1,0,0,190,1
20,1,0,0,0,1,0,0,0,144,1
5,0,0,1,0,0,0,0,1,192,1
23,0,0,1,0,0,0,0,1,132,2
19,0,0,0,1,1,0,0,0,100,3
4,0,0,0,1,1,0,0,0,4,1
1,1,0,0,0,1,0,0,0,173,1
17,0,0,1,0,0,1,0,0,165,3
5,0,0,0,1,0,0,0,1,98,2
18,0,1,0,0,0,0,0,1,183,1
21,0,0,0,1,1,0,0,0,99,2
20,0,0,1,0,0,0,1,0,84,3
16,1,0,0,0,0,0,0,1,118,1
8,1,0,0,0,0,1,0,0,105,2
7,0,0,0,1,0,0,0,1,111,2
2,0,1,0,0,1,0,0,0,126,1
4,0,1,0,0,0,0,1,0,85,1
5,0,0,1,0,0,1,0,0,91,2
19,0,0,0,1,0,0,0,1,18,3
13,0,1,0,0,1,0,0,0,142,2
21,0,1,0,0,1,0,0,0,94,1
6,1,0,0,0,0,1,0,0,179,3
14,0,0,1,0,0,1,0,0,135,3
20,0,0,0,1,1,0,0,0,19,2
18,0,0,0,1,0,1,0,0,40,1
17,0,1,0,0,0,0,0,1,73,3
7,0,1,0,0,0,0,1,0,130,3
15,0,0,1,0,1,0,0,0,175,3
2,0,0,1,0,1,0,0,0,130,3
1,0,1,0,0,0,0,0,1,78,2
6,0,0,1,0,1,0,0,0,63,3
14,1,0,0,0,0,0,1,0,169,1
8,0,1,0,0,1,0,0,0,103,1
0,0,0,0,1,1,0,0,0,77,1
12,0,1,0,0,0,0,0,1,68,2
2,0,0,0,1,0,0,0,1,179,1
8,0,1,0,0,0,0,1,0,162,2
2,0,0,0,1,0,0,1,0,133,3
13,0,0,0,1,1,0,0,0,180,3
6,0,1,0,0,0,0,1,0,57,1
18,0,0,0,1,0,1,0,0,78,1
16,0,0,1,0,1,0,0,0,118,3
17,1,0,0,0,0,1,0,0,8,2
14,1,0,0,0,0,1,0,0,192,2
11,0,1,0,0,0,0,1,0,127,2
0,0,1,0,0,1,0,0,0,125,1
15,1,0,0,0,0,1,0,0,110,2
23,0,0,1,0,0,1,0,0,44,1
23,0,0,0,1,1,0,0,0,129,3
22,0,0,1,0,0,1,0,0,190,2
17,0,0,0,1,0,1,0,0,155,1
8,0,0,1,0,0,1,0,0,42,3
21,0,0,0,1,0,0,1,0,171,1
2,0,0,1,0,0,1,0,0,47,3
3,0,0,1,0,0,1,0,0,30,3
14,0,0,1,0,0,0,0,1,160,2
11,0,0,0,1,1,0,0,0,169,2
23,0,1,0,0,0,0,0,1,76,3
1,0,1,0,0,0,1,0,0,39,3
11,1,0,0,0,0,1,0,0,105,1
15,1,0,0,0,0,0,1,0,70,3
8,1,0,0,0,0,0,1,0,150,1
1,1,0,0,0,1,0,0,0,17,2
20,1,0,0,0,1,0,0,0,90,2
21,0,1,0,0,0,0,1,0,121,1
3,0,0,1,0,0,0,0,1,3,1
8,0,0,0,1,1,0,0,0,185,2
21,0,0,1,0,0,0,1,0,100,3
11,0,0,0,1,0,0,1,0,50,1
7,0,0,1,0,0,1,0,0,86,3
4,0,1,0,0,0,0,1,0,118,1
3,1,0,0,0,0,0,0,1,168,1
2,0,0,1,0,0,0,0,1,128,1
5,1,0,0,0,0,0,0,1,50,3
12,1,0,0,0,0,0,0,1,195,2
21,1,0,0,0,0,0,1,0,145,2
19,0,0,1,0,0,1,0,0,88,3
2,0,0,0,1,0,0,0,1,177,1
9,0,1,0,0,0,0,1,0,119,2
6,0,0,0,1,1,0,0,0,171,2
17,1,0,0,0,0,0,1,0,134,1
23,0,1,0,0,0,0,0,1,173,2
23,0,1,0,0,0,0,0,1,171,2
6,0,1,0,0,0,1,0,0,38,3
19,1,0,0,0,0,0,1,0,106,1
6,0,1,0,0,1,0,0,0,153,2
16,0,0,1,0,0,1,0,0,112,2
21,0,0,0,1,1,0,0,0,96,3
22,1,0,0,0,0,0,0,1,186,1
0,0,0,1,0,0,0,0,1,90,2
15,1,0,0,0,0,0,1,0,67,2
7,0,0,1,0,0,0,0,1,74,1
23,1,0,0,0,0,0,0,1,111,2
19,0,1,0,0,0,0,0,1,124,3
18,0,0,0,1,0,0,1,0,62,2
12,0,0,1,0,0,0,0,1,36,2
1,0,0,1,0,0,1,0,0,78,3
21,0,1,0,0,0,1,0,0,141,1
5,0,0,0,1,0,0,0,1,108,2
12,1,0,0,0,1,0,0,0,86,2
19,1,0,0,0,1,0,0,0,127,3
8,1,0,0,0,1,0,0,0,56,2
16,1,0,0,0,0,0,0,1,111,2
7,0,1,0,0,0,0,1,0,173,1
16,0,0,0,1,0,0,1,0,85,1
21,0,0,0,1,1,0,0,0,32,3
2,0,1,0,0,0,0,1,0,65,1
0,0,0,1,0,0,0,1,0,139,2
1,0,1,0,0,0,0,1,0,188,2
12,0,0,0,1,0,0,0,1,13,3
19,1,0,0,0,0,0,0,1,44,3
16,1,0,0,0,1,0,0,0,95,1
0,0,1,0,0,0,0,0,1,127,2
2,0,0,1,0,0,0,1,0,109,2
8,0,0,1,0,0,1,0,0,89,1
18,0,1,0,0,0,1,0,0,18,2
4,1,0,0,0,0,0,1,0,59,3
12,0,0,1,0,0,1,0,0,1,2
9,0,1,0,0,0,0,0,1,155,1
4,0,1,0,0,0,0,1,0,114,1
20,0,0,1,0,0,0,0,1,37,1
3,0,1,0,0,0,0,1,0,84,1
14,0,1,0,0,0,1,0,0,152,3
6,0,0,1,0,0,1,0,0,91,3
3,0,0,1,0,0,1,0,0,24,1
4,0,0,0,1,0,0,0,1,52,1
6,0,1,0,0,1,0,0,0,98,2
2,0,0,0,1,1,0,0,0,36,1
7,0,0,0,1,1,0,0,0,11,1
21,0,0,0,1,0,1,0,0,14,2
17,0,0,1,0,0,0,0,1,161,1
7,0,0,0,1,1,0,0,0,22,3
17,0,1,0,0,0,1,0,0,70,2
11,0,1,0,0,0,1,0,0,131,1
2,0,1,0,0,0,0,1,0,31,3
23,0,0,0,1,1,0,0,0,165,1
21,0,1,0,0,0,0,1,0,183,1
21,0,0,1,0,0,1,0,0,62,2
23,1,0,0,0,0,0,0,1,100,3
14,0,1,0,0,0,1,0,0,142,1
2,1,0,0,0,1,0,0,0,25,1
5,1,0,0,0,0,0,1,0,14,3
3,0,1,0,0,1,0,0,0,3,3
1,1,0,0,0,0,1,0,0,187,2
3,0,1,0,0,0,0,1,0,28,1
21,0,0,1,0,0,1,0,0,116,3
8,1,0,0,0,1,0,0,0,173,3
18,0,0,1,0,0,1,0,0,159,3
23,0,1,0,0,1,0,0,0,177,1
23,1,0,0,0,0,0,0,1,74,3
6,0,0,0,1,0,0,1,0,139,2
19,1,0,0,0,0,1,0,0,79,3
13,0,0,0,1,0,0,1,0,67,3
19,1,0,0,0,0,0,1,0,61,1
18,0,1,0,0,1,0,0,0,156,1
7,0,0,0,1,0,1,0,0,182,1
6,0,0,1,0,0,1,0,0,14,2
9,0,1,0,0,0,1,0,0,29,2
11,0,0,0,1,0,1,0,0,41,3
19,0,0,1,0,1,0,0,0,101,3
12,0,1,0,0,0,1,0,0,115,3
19,1,0,0,0,1,0,0,0,57,2
8,0,0,1,0,0,0,0,1,13,3
1,0,0,0,1,0,0,1,0,63,3
7,0,0,1,0,0,1,0,0,92,2
23,0,0,0,1,0,0,1,0,10,2
0,0,0,0,1,0,0,0,1,55,3
19,0,0,0,1,0,1,0,0,95,2
12,0,1,0,0,0,1,0,0,160,3
0,1,0,0,0,1,0,0,0,68,1
13,0,0,1,0,0,0,0,1,162,2
15,1,0,0,0,0,0,0,1,176,1
15,0,1,0,0,1,0,0,0,25,3
11,0,1,0,0,0,1,0,0,18,1
2,0,0,1,0,0,1,0,0,184,3
18,0,1,0,0,0,0,1,0,113,2
4,0,1,0,0,1,0,0,0,78,2
7,1,0,0,0,0,0,0,1,23,2
8,0,1,0,0,1,0,0,0,121,3
11,0,1,0,0,0,1,0,0,181,2
16,0,0,1,0,0,1,0,0,188,2
22,1,0,0,0,0,1,0,0,86,1
16,0,0,1,0,1,0,0,0,47,1
11,1,0,0,0,0,0,1,0,29,2
1,1,0,0,0,0,1,0,0,45,2
5,1,0,0,0,0,0,1,0,62,1
11,1,0,0,0,1,0,0,0,136,2
21,0,1,0,0,1,0,0,0,31,1
9,0,0,0,1,0,1,0,0,81,1
19,0,1,0,0,0,0,0,1,74,1
19,1,0,0,0,0,0,0,1,191,3
8,1,0,0,0,0,1,0,0,116,1
12,0,0,1,0,1,0,0,0,21,2
20,0,0,1,0,0,1,0,0,19,2
14,0,0,1,0,0,0,1,0,104,2
3,0,0,0,1,0,1,0,0,180,2
23,0,0,0,1,0,0,1,0,147,2
22,0,0,0,1,0,1,0,0,84,1
16,1,0,0,0,0,0,1,0,38,3
10,0,0,0,1,0,0,0,1,70,3
17,0,0,0,1,0,0,1,0,90,3
9,1,0,0,0,0,0,0,1,160,2
8,0,0,0,1,0,0,0,1,145,2
0,0,0,1,0,0,1,0,0,39,2
19,0,1,0,0,1,0,0,0,166,3
19,0,0,0,1,0,0,0,1,70,2
11,0,1,0,0,0,0,0,1,121,1
5,0,0,0,1,0,1,0,0,145,1
15,0,0,1,0,0,1,0,0,22,3
14,1,0,0,0,0,0,0,1,91,1
4,0,0,0,1,0,0,0,1,101,2
19,0,0,1,0,1,0,0,0,18,2
6,1,0,0,0,0,0,1,0,89,2
0,0,1,0,0,1,0,0,0,167,3
12,0,0,1,0,0,0,0,1,112,3
16,0,1,0,0,0,0,0,1,166,1
10,1,0,0,0,1,0,0,0,38,1
9,1,0,0,0,0,1,0,0,168,2
7,0,0,1,0,1,0,0,0,78,1
22,0,1,0,0,1,0,0,0,66,1
9,1,0,0,0,1,0,0,0,132,3
18,0,0,0,1,0,1,0,0,179,2
22,1,0,0,0,0,0,1,0,195,3
6,0,0,0,1,1,0,0,0,120,2
9,0,1,0,0,0,0,0,1,55,1
12,0,0,1,0,1,0,0,0,111,1
15,0,0,1,0,1,0,0,0,45,1
16,0,0,1,0,0,1,0,0,167,2
21,1,0,0,0,0,0,1,0,199,3
12,0,1,0,0,1,0,0,0,131,2
10,0,0,1,0,0,0,1,0,9,2
14,0,1,0,0,0,1,0,0,76,2
13,0,0,0,1,0,1,0,0,145,3
2,0,0,1,0,0,0,0,1,45,3
8,1,0,0,0,0,0,0,1,6,3
5,1,0,0,0,1,0,0,0,180,1
14,0,1,0,0,1,0,0,0,131,3
21,0,0,1,0,1,0,0,0,97,1
10,1,0,0,0,0,0,1,0,34,3
11,0,0,1,0,0,0,1,0,47,1
18,1,0,0,0,0,0,0,1,128,1
9,1,0,0,0,0,0,1,0,126,2
18,0,1,0,0,0,0,0,1,44,2
17,0,0,0,1,1,0,0,0,103,1
0,0,0,0,1,0,1,0,0,76,2
22,0,0,0,1,0,0,1,0,29,3
9,1,0,0,0,0,0,0,1,44,3
19,0,0,0,1,0,0,0,1,150,2
3,0,0,1,0,0,1,0,0,13,3
7,0,1,0,0,0,0,0,1,144,2
8,0,0,0,1,1,0,0,0,126,1
17,0,0,1,0,0,0,0,1,58,1
18,0,0,1,0,0,0,1,0,71,1
1,0,1,0,0,0,0,0,1,26,2
2,0,0,1,0,0,0,1,0,107,1
6,0,0,1,0,1,0,0,0,55,2
18,0,0,1,0,0,0,0,1,174,2
9,0,1,0,0,0,0,1,0,140,1
15,1,0,0,0,0,0,1,0,166,2
9,1,0,0,0,0,0,1,0,79,2
18,0,0,0,1,0,0,0,1,136,1
7,0,0,1,0,0,0,1,0,9,1
15,1,0,0,0,1,0,0,0,24,3
15,1,0,0,0,1,0,0,0,117,3
13,0,0,0,1,0,0,1,0,33,3
1,1,0,0,0,0,1,0,0,184,2
5,0,0,1,0,0,0,0,1,75,1
8,0,1,0,0,0,1,0,0,18,1
11,0,1,0,0,0,0,0,1,25,2
0,1,0,0,0,0,0,1,0,45,1
3,0,0,0,1,0,1,0,0,179,1
19,0,0,1,0,0,1,0,0,155,1
18,1,0,0,0,1,0,0,0,68,3
11,0,0,1,0,0,0,0,1,51,3
19,0,1,0,0,0,0,0,1,45,2
23,0,0,0,1,1,0,0,0,88,2
3,0,0,0,1,0,1,0,0,20,1
20,0,0,0,1,0,1,0,0,69,2
7,1,0,0,0,0,0,1,0,195,1
13,0,1,0,0,0,0,0,1,33,2
5,1,0,0,0,1,0,0,0,145,2
14,0,1,0,0,1,0,0,0,170,3
7,1,0,0,0,1,0,0,0,144,1
16,0,0,0,1,0,0,0,1,154,1
14,0,0,0,1,0,1,0,0,20,1
2,0,0,1,0,0,0,1,0,124,1
9,0,0,0,1,0,0,1,0,118,1
6,0,1,0,0,0,0,0,1,8,3
20,0,1,0,0,0,0,0,1,15,2
21,0,0,0,1,0,1,0,0,52,3
16,0,0,0,1,0,1,0,0,159,3
5,1,0,0,0,0,0,1,0,128,2
4,0,0,0,1,0,0,0,1,175,1
5,1,0,0,0,1,0,0,0,92,2
14,1,0,0,0,0,0,0,1,48,3
17,0,0,0,1,0,0,1,0,166,3
7,0,1,0,0,1,0,0,0,95,3
17,0,0,1,0,0,0,0,1,139,3
18,0,0,1,0,0,0,1,0,131,1
17,0,1,0,0,0,0,0,1,82,1
3,0,0,0,1,0,1,0,0,39,3
17,0,0,1,0,1,0,0,0,134,1
9,0,0,1,0,0,1,0,0,194,3
9,0,0,0,1,0,0,0,1,126,1
23,0,0,1,0,0,0,1,0,52,2
22,0,0,1,0,0,0,0,1,113,1
17,1,0,0,0,0,0,1,0,34,2
11,0,1,0,0,1,0,0,0,114,1
8,0,1,0,0,0,0,0,1,1,3
13,0,0,1,0,1,0,0,0,33,3
15,0,0,0,1,0,0,1,0,15,2
6,0,0,1,0,1,0,0,0,151,1
5,0,0,1,0,0,0,1,0,48,3
21,0,0,0,1,0,1,0,0,161,2
10,0,0,1,0,0,0,0,1,160,3
11,0,0,1,0,0,0,1,0,144,2
1,0,0,0,1,0,0,1,0,175,3
0,0,1,0,0,0,0,1,0,12,2
0,0,0,0,1,0,0,0,1,174,1
4,0,1,0,0,0,0,1,0,78,1
3,0,0,1,0,0,1,0,0,57,3
12,0,1,0,0,0,0,1,0,22,3
8,1,0,0,0,1,0,0,0,139,3
11,0,0,0,1,0,0,1,0,38,2
10,0,1,0,0,0,1,0,0,6,1
20,1,0,0,0,1,0,0,0,107,1
23,0,0,0,1,0,1,0,0,128,2
11,0,1,0,0,0,0,0,1,124,3
14,0,0,0,1,0,0,1,0,57,3
21,1,0,0,0,0,0,1,0,163,1
9,0,0,1,0,1,0,0,0,138,3
6,0,0,0,1,1,0,0,0,112,1
21,0,1,0,0,1,0,0,0,118,1
0,0,1,0,0,0,0,0,1,67,1
17,1,0,0,0,0,0,0,1,117,2
5,0,0,1,0,0,1,0,0,99,3
0,0,1,0,0,0,0,0,1,90,2
10,0,0,1,0,1,0,0,0,125,2
21,0,0,0,1,1,0,0,0,141,3
0,0,0,1,0,0,0,1,0,148,2
6,0,0,1,0,0,0,0,1,190,2
23,0,0,1,0,1,0,0,0,83,2
23,0,1,0,0,1,0,0,0,114,2
3,1,0,0,0,0,0,1,0,2,2
5,0,0,0,1,0,0,1,0,14,2
21,1,0,0,0,0,0,1,0,180,3
1,0,0,1,0,0,1,0,0,78,1
2,0,0,1,0,1,0,0,0,8,2
2,0,0,1,0,1,0,0,0,174,3
4,0,0,0,1,0,0,0,1,153,2
8,0,0,1,0,0,1,0,0,7,2
16,0,1,0,0,0,0,1,0,192,3
13,0,0,0,1,1,0,0,0,34,2
1,1,0,0,0,0,0,0,1,105,2
22,0,0,0,1,1,0,0,0,148,1
7,1,0,0,0,0,0,1,0,12,1
20,1,0,0,0,0,1,0,0,77,2
21,0,1,0,0,1,0,0,0,111,3
16,1,0,0,0,0,0,0,1,105,1
0,0,1,0,0,0,0,0,1,144,3
5,1,0,0,0,0,1,0,0,104,3
3,0,1,0,0,0,0,1,0,109,2
3,0,1,0,0,0,0,1,0,192,1
19,0,0,0,1,1,0,0,0,107,3
5,0,1,0,0,1,0,0,0,37,1
21,1,0,0,0,0,0,1,0,162,1
2,0,0,0,1,0,0,0,1,110,1
13,0,0,0,1,0,0,0,1,91,1
17,0,1,0,0,0,0,1,0,157,2
12,1,0,0,0,1,0,0,0,184,2
2,0,1,0,0,0,1,0,0,38,1
20,1,0,0,0,0,1,0,0,82,3
4,0,0,0,1,0,0,0,1,105,3
7,1,0,0,0,1,0,0,0,56,3
1,0,0,0,1,0,1,0,0,39,1
15,0,0,1,0,1,0,0,0,21,3
21,1,0,0,0,0,0,1,0,96,3
1,1,0,0,0,0,0,0,1,5,1
15,0,0,1,0,0,1,0,0,136,3
18,0,1,0,0,0,1,0,0,20,1
12,0,1,0,0,0,1,0,0,153,1
22,0,0,1,0,0,0,1,0,73,1
8,0,1,0,0,1,0,0,0,112,3
16,0,0,0,1,0,0,0,1,10,1
2,0,0,1,0,0,0,0,1,199,1
18,0,0,0,1,0,0,1,0,129,1
8,0,1,0,0,0,0,1,0,45,2
18,0,0,0,1,1,0,0,0,101,2
9,0,0,1,0,1,0,0,0,158,2
11,0,0,0,1,0,1,0,0,14,1
9,1,0,0,0,0,1,0,0,110,2
20,0,0,1,0,0,0,0,1,21,3
21,0,0,1,0,0,1,0,0,46,1
2,1,0,0,0,0,1,0,0,178,2
21,0,0,1,0,1,0,0,0,149,1
14,0,0,1,0,1,0,0,0,142,1
1,0,0,1,0,0,0,0,1,184,1
19,0,0,1,0,0,0,0,1,55,3
19,0,0,0,1,0,1,0,0,82,3
13,0,1,0,0,0,0,1,0,11,2
18,0,1,0,0,0,1,0,0,175,2
13,0,1,0,0,0,0,0,1,105,3
4,1,0,0,0,0,0,0,1,79,3
15,0,1,0,0,0,0,1,0,195,2
7,1,0,0,0,1,0,0,0,30,2
6,0,0,0,1,0,1,0,0,191,2
12,0,1,0,0,1,0,0,0,126,1
2,0,0,0,1,0,1,0,0,111,3
11,0,0,0,1,1,0,0,0,169,3
16,0,1,0,0,0,1,0,0,44,2
22,0,0,1,0,1,0,0,0,26,2
21,0,0,1,0,0,1,0,0,198,1
15,0,0,1,0,1,0,0,0,184,2
3,0,0,1,0,0,0,0,1,13,3
17,0,0,0,1,0,0,1,0,142,1
12,0,0,0,1,0,0,1,0,33,3
14,0,0,1,0,0,1,0,0,56,3
5,0,0,0,1,1,0,0,0,197,1
9,0,0,0,1,0,1,0,0,184,2
6,0,1,0,0,0,0,0,1,176,3
21,1,0,0,0,0,0,1,0,191,3
8,0,0,0,1,0,0,0,1,154,1
22,0,0,1,0,0,0,1,0,50,1
4,0,0,1,0,0,1,0,0,38,2
7,1,0,0,0,1,0,0,0,82,2
15,0,1,0,0,0,0,1,0,150,2
21,1,0,0,0,0,0,1,0,153,1
1,0,0,0,1,0,1,0,0,13,2
6,0,0,0,1,0,1,0,0,88,1
22,0,0,0,1,0,0,1,0,169,1
4,0,0,0,1,0,0,0,1,154,3
9,0,0,0,1,0,0,0,1,41,1
2,0,0,0,1,0,0,0,1,197,3
14,0,0,1,0,0,0,1,0,157,2
17,0,1,0,0,0,1,0,0,106,3
13,0,1,0,0,0,1,0,0,107,1
19,0,0,0,1,0,1,0,0,10,3
3,0,0,0,1,1,0,0,0,12,1
13,0,0,1,0,0,1,0,0,95,1
18,0,0,1,0,1,0,0,0,61,3
14,1,0,0,0,0,0,0,1,36,3
9,0,0,0,1,0,0,1,0,40,3
15,0,1,0,0,0,1,0,0,25,2
13,1,0,0,0,0,0,1,0,153,2
14,0,0,0,1,1,0,0,0,88,1
0,0,0,0,1,1,0,0,0,179,2
0,0,1,0,0,1,0,0,0,190,1
9,0,0,0,1,0,1,0,0,139,3
12,0,0,1,0,1,0,0,0,130,1
13,0,1,0,0,1,0,0,0,35,1
9,0,1,0,0,0,0,0,1,46,2
22,0,0,0,1,1,0,0,0,4,1
3,0,1,0,0,0,1,0,0,179,3
3,1,0,0,0,1,0,0,0,114,1
12,1,0,0,0,0,0,0,1,88,1
14,0,0,0,1,0,1,0,0,22,2
9,0,0,0,1,0,1,0,0,76,2
10,0,0,1,0,0,1,0,0,195,3
15,0,1,0,0,0,0,1,0,94,1
0,0,0,1,0,0,1,0,0,85,2
8,0,0,0,1,0,0,1,0,138,1
21,0,1,0,0,0,0,1,0,84,3
13,0,0,0,1,0,0,1,0,17,2
10,0,1,0,0,0,1,0,0,185,3
8,0,1,0,0,1,0,0,0,157,2
15,1,0,0,0,0,0,0,1,36,1
8,0,1,0,0,0,0,0,1,106,3
11,0,1,0,0,0,0,0,1,101,3
19,0,0,1,0,0,0,0,1,24,1
22,0,1,0,0,0,1,0,0,111,1
2,0,0,0,1,1,0,0,0,102,1
19,1,0,0,0,1,0,0,0,72,2
8,0,0,0,1,1,0,0,0,45,1
18,0,1,0,0,1,0,0,0,129,3
1,0,0,0,1,0,1,0,0,44,1
8,0,1,0,0,0,0,1,0,62,2
5,0,0,1,0,0,0,1,0,69,2
14,1,0,0,0,1,0,0,0,130,3
3,0,1,0,0,0,1,0,0,189,1
22,0,0,0,1,0,1,0,0,18,3
10,0,0,0,1,0,0,0,1,166,3
4,1,0,0,0,0,1,0,0,97,3
11,0,1,0,0,0,1,0,0,191,3
23,0,1,0,0,0,0,1,0,3,2
15,0,1,0,0,0,0,1,0,52,1
10,1,0,0,0,0,1,0,0,7,2
1,0,0,1,0,0,1,0,0,181,2
23,1,0,0,0,0,0,0,1,170,3
0,0,0,0,1,1,0,0,0,149,3
20,0,0,1,0,1,0,0,0,38,2
1,0,1,0,0,1,0,0,0,89,2
18,1,0,0,0,1,0,0,0,116,1
19,0,0,1,0,0,0,0,1,149,1
0,0,1,0,0,0,0,0,1,11,3
15,0,0,0,1,0,0,1,0,108,2
20,0,1,0,0,0,0,1,0,70,1
19,0,0,1,0,1,0,0,0,164,3
11,0,1,0,0,0,1,0,0,197,3
2,0,1,0,0,1,0,0,0,137,1
4,1,0,0,0,0,0,0,1,7,1
7,0,0,0,1,0,0,0,1,131,3
22,0,0,0,1,0,0,1,0,133,1
16,0,0,0,1,0,0,1,0,65,1
7,0,1,0,0,0,0,1,0,96,1
4,0,0,0,1,0,0,0,1,19,2
17,1,0,0,0,1,0,0,0,179,2
9,0,0,1,0,1,0,0,0,72,1
10,0,1,0,0,0,0,1,0,192,1
23,0,1,0,0,1,0,0,0,195,3
15,0,1,0,0,0,0,0,1,27,3
6,0,1,0,0,0,1,0,0,13,1
17,0,0,1,0,0,1,0,0,161,2
1,0,0,1,0,1,0,0,0,96,1
1,0,0,1,0,0,1,0,0,10,3
11,0,0,0,1,0,0,0,1,183,3
18,1,0,0,0,0,0,0,1,146,1
4,0,1,0,0,0,1,0,0,162,2
14,0,0,1,0,0,1,0,0,87,3
18,1,0,0,0,0,0,1,0,45,1
1,0,0,0,1,0,0,0,1,2,2
3,1,0,0,0,0,0,1,0,139,1
0,1,0,0,0,0,0,0,1,155,3
13,0,0,1,0,0,0,0,1,185,3
13,0,0,0,1,0,1,0,0,16,1
7,1,0,0,0,1,0,0,0,94,2
14,0,0,1,0,0,1,0,0,128,2
20,0,0,1,0,0,1,0,0,114,1
9,1,0,0,0,0,0,0,1,66,2
5,1,0,0,0,0,1,0,0,105,1
14,0,0,1,0,0,0,1,0,159,1
9,0,1,0,0,0,1,0,0,74,3
20,0,0,1,0,0,1,0,0,56,3
11,0,0,1,0,0,0,0,1,191,1
1,0,0,1,0,1,0,0,0,182,1
1,1,0,0,0,0,0,1,0,32,1
1,0,1,0,0,0,0,1,0,27,3
1,0,0,1,0,1,0,0,0,111,2
17,0,0,1,0,0,0,1,0,135,2
2,1,0,0,0,0,0,1,0,139,1
4,1,0,0,0,0,0,0,1,87,1
21,0,0,1,0,0,1,0,0,99,1
14,0,0,0,1,0,0,0,1,100,3
1,0,0,0,1,0,0,1,0,58,3
22,1,0,0,0,0,0,0,1,14,3
8,0,0,0,1,1,0,0,0,97,3
13,0,1,0,0,0,0,0,1,97,3
1,0,1,0,0,0,0,1,0,194,1
0,1,0,0,0,1,0,0,0,75,2
10,0,0,1,0,0,0,0,1,111,1
5,0,0,0,1,1,0,0,0,91,3
17,1,0,0,0,0,0,1,0,35,2
23,0,0,0,1,0,1,0,0,4,3
8,0,0,0,1,0,1,0,0,89,3
8,0,0,0,1,0,0,0,1,73,1
13,0,1,0,0,0,1,0,0,142,1
3,1,0,0,0,0,0,1,0,71,1
21,1,0,0,0,1,0,0,0,26,3
1,0,0,0,1,0,0,1,0,197,3
13,0,1,0,0,0,1,0,0,147,2
23,1,0,0,0,0,1,0,0,162,1
23,1,0,0,0,0,0,0,1,40,3
6,1,0,0,0,0,0,1,0,98,3
17,0,0,0,1,0,0,0,1,10,1
2,0,0,1,0,0,0,0,1,32,2
14,1,0,0,0,1,0,0,0,189,3
18,0,0,0,1,0,0,1,0,71,2
20,0,0,0,1,0,1,0,0,100,3
9,0,1,0,0,1,0,0,0,121,1
22,0,0,1,0,0,1,0,0,80,3
1,0,1,0,0,0,1,0,0,148,1
5,1,0,0,0,0,0,0,1,194,1
6,1,0,0,0,0,0,1,0,144,2
16,0,0,0,1,0,1,0,0,71,1
0,0,0,0,1,0,1,0,0,109,1
10,0,0,0,1,1,0,0,0,91,3
12,0,0,0,1,0,0,0,1,164,3
3,0,0,1,0,0,1,0,0,90,3
19,0,0,1,0,0,0,1,0,90,2
10,0,1,0,0,1,0,0,0,148,2
8,0,1,0,0,1,0,0,0,170,1
20,0,1,0,0,0,0,0,1,14,1
23,1,0,0,0,0,0,1,0,112,2
12,0,0,0,1,0,0,1,0,5,1
10,0,0,0,1,0,1,0,0,101,1
1,1,0,0,0,0,0,1,0,93,2
12,0,1,0,0,0,1,0,0,174,3
21,0,1,0,0,0,0,0,1,18,1
18,0,1,0,0,0,0,1,0,199,1
6,0,1,0,0,0,0,1,0,115,1
22,0,0,1,0,0,0,1,0,89,3
10,0,1,0,0,1,0,0,0,88,3
17,1,0,0,0,1,0,0,0,36,1
22,0,0,0,1,1,0,0,0,148,3
8,1,0,0,0,1,0,0,0,184,2
5,0,0,1,0,0,1,0,0,11,2
6,0,0,1,0,0,0,1,0,115,1
3,0,0,0,1,1,0,0,0,176,3
20,0,1,0,0,0,0,0,1,63,1
12,0,0,1,0,1,0,0,0,17,2
15,0,0,1,0,0,0,1,0,180,1
9,1,0,0,0,0,0,1,0,179,1
12,0,0,1,0,1,0,0,0,110,1
11,0,0,0,1,0,0,0,1,111,2
13,0,0,0,1,0,0,1,0,67,3
14,0,1,0,0,1,0,0,0,20,3
7,1,0,0,0,0,0,1,0,44,3
6,0,1,0,0,1,0,0,0,169,3
10,1,0,0,0,0,1,0,0,22,2
10,0,1,0,0,0,0,1,0,179,2
9,1,0,0,0,0,1,0,0,8,3
20,0,1,0,0,0,0,0,1,33,1
17,1,0,0,0,0,0,0,1,97,3
9,0,0,0,1,0,0,0,1,144,3
20,0,0,1,0,0,0,0,1,119,2
12,0,1,0,0,0,0,1,0,128,3
4,0,0,0,1,0,1,0,0,132,1
5,0,0,0,1,0,1,0,0,126,2
1,0,0,1,0,0,0,0,1,172,3
16,0,0,1,0,0,0,0,1,3,1
8,0,1,0,0,0,1,0,0,148,2
8,0,0,1,0,1,0,0,0,189,3
13,1,0,0,0,0,1,0,0,62,3
22,1,0,0,0,0,0,1,0,163,3
23,0,1,0,0,0,0,1,0,126,2
9,0,0,0,1,1,0,0,0,71,3
6,0,1,0,0,1,0,0,0,72,1
15,0,1,0,0,1,0,0,0,10,1
16,0,0,1,0,1,0,0,0,122,2
2,1,0,0,0,0,0,1,0,1,1
21,1,0,0,0,0,0,1,0,1,1
11,0,0,0,1,0,0,0,1,2,2
2,0,1,0,0,0,0,0,1,59,2
20,0,0,0,1,0,0,0,1,81,2
7,0,1,0,0,0,1,0,0,148,1
3,0,0,1,0,0,0,0,1,26,3
6,1,0,0,0,1,0,0,0,93,3
4,0,0,1,0,0,0,0,1,127,2
8,1,0,0,0,0,1,0,0,64,3
15,0,1,0,0,0,1,0,0,8,1
16,0,0,0,1,0,0,1,0,70,2
6,0,0,0,1,0,1,0,0,10,3
8,1,0,0,0,1,0,0,0,92,2
18,0,1,0,0,0,0,1,0,48,2
8,1,0,0,0,1,0,0,0,115,3
2,0,0,0,1,0,0,0,1,145,1
7,0,0,0,1,0,0,1,0,172,3
8,0,0,1,0,0,0,0,1,41,1
4,1,0,0,0,0,0,1,0,182,1
13,0,1,0,0,0,1,0,0,167,3
9,0,0,1,0,1,0,0,0,79,1
2,0,1,0,0,0,0,1,0,30,1
21,0,0,1,0,0,0,1,0,136,1
9,1,0,0,0,0,1,0,0,160,3
14,0,0,0,1,0,1,0,0,55,3
8,0,1,0,0,0,0,1,0,35,3
14,0,0,0,1,0,1,0,0,96,2
4,1,0,0,0,0,0,0,1,109,2
22,0,1,0,0,1,0,0,0,0,1
5,1,0,0,0,0,1,0,0,52,3
5,0,0,0,1,0,1,0,0,136,3
14,0,0,1,0,0,0,1,0,191,3
5,0,1,0,0,1,0,0,0,108,2
10,0,0,0,1,1,0,0,0,22,1
6,0,1,0,0,1,0,0,0,3,2
1,0,0,0,1,1,0,0,0,51,2
21,0,0,1,0,0,0,0,1,172,2
17,0,0,1,0,0,1,0,0,70,2
19,0,0,1,0,0,0,1,0,189,1
12,0,1,0,0,0,0,0,1,20,3
14,0,0,1,0,0,0,1,0,164,1
20,0,1,0,0,1,0,0,0,188,3
16,0,1,0,0,0,0,0,1,163,2
18,0,1,0,0,0,0,0,1,125,2
2,1,0,0,0,1,0,0,0,71,3
17,0,0,0,1,0,0,0,1,197,2
4,0,1,0,0,1,0,0,0,50,1
15,0,0,1,0,0,0,0,1,140,3
8,0,1,0,0,0,0,0,1,177,1
18,0,0,0,1,0,1,0,0,25,2
20,0,1,0,0,0,0,1,0,9,1
5,0,1,0,0,1,0,0,0,162,2
19,0,0,1,0,0,0,0,1,7,1
13,0,1,0,0,0,0,0,1,157,1
2,0,0,0,1,0,0,0,1,34,1
21,1,0,0,0,0,0,1,0,13,1
18,0,0,0,1,0,0,0,1,152,1
12,1,0,0,0,0,1,0,0,19,1
23,0,1,0,0,0,0,0,1,17,2
5,0,0,0,1,1,0,0,0,131,1
17,0,0,1,0,1,0,0,0,46,3
20,0,0,0,1,0,1,0,0,184,3
5,0,0,1,0,0,1,0,0,181,2
6,0,0,0,1,0,0,0,1,41,1
16,1,0,0,0,0,1,0,0,159,1
5,0,0,1,0,0,1,0,0,178,1
2,1,0,0,0,0,0,0,1,88,3
11,1,0,0,0,1,0,0,0,186,2
4,0,0,0,1,0,0,1,0,189,2
19,1,0,0,0,0,0,1,0,43,2
18,0,0,0,1,1,0,0,0,122,1
10,0,0,1,0,1,0,0,0,167,2
5,0,0,0,1,0,0,1,0,157,2
19,1,0,0,0,1,0,0,0,176,2
13,0,0,1,0,1,0,0,0,135,3
20,1,0,0,0,0,0,0,1,66,3
23,0,0,1,0,0,0,0,1,198,1
17,0,1,0,0,0,0,0,1,30,1
23,0,0,1,0,0,0,0,1,20,3
8,0,0,0,1,0,0,1,0,95,2
23,0,0,0,1,0,1,0,0,157,2
5,1,0,0,0,1,0,0,0,47,1
1,0,1,0,0,1,0,0,0,38,3
14,0,0,1,0,0,0,0,1,34,2
1,0,0,1,0,0,0,0,1,161,2
12,0,0,0,1,0,0,1,0,24,3
3,0,0,1,0,0,0,1,0,35,1
5,0,0,0,1,0,0,1,0,73,3
0,0,0,1,0,0,0,1,0,124,2
22,0,0,0,1,0,0,0,1,5,3
1,0,0,1,0,0,0,0,1,123,1
0,0,0,0,1,0,0,1,0,7,3
16,0,0,1,0,0,1,0,0,72,3
17,0,0,0,1,1,0,0,0,165,3
23,0,0,1,0,0,1,0,0,145,3
15,0,0,1,0,0,1,0,0,148,2
12,1,0,0,0,1,0,0,0,66,3
12,1,0,0,0,0,1,0,0,93,3
22,0,0,1,0,0,0,0,1,27,1
14,0,0,0,1,0,0,1,0,183,3
17,0,0,1,0,0,0,1,0,0,2
9,1,0,0,0,0,0,0,1,141,2
17,1,0,0,0,0,0,0,1,144,1
2,0,1,0,0,0,0,1,0,147,1
12,0,1,0,0,1,0,0,0,163,1
7,0,0,1,0,1,0,0,0,94,1
16,0,0,1,0,0,1,0,0,103,2
4,0,1,0,0,1,0,0,0,47,2
15,0,0,1,0,0,0,1,0,10,3
19,0,1,0,0,0,0,0,1,98,1
9,0,0,0,1,1,0,0,0,161,1
20,0,1,0,0,0,0,0,1,168,1
22,0,1,0,0,0,0,1,0,173,1
4,1,0,0,0,0,1,0,0,21,3
17,0,0,1,0,0,0,0,1,196,3
9,0,1,0,0,0,0,0,1,120,3
1,1,0,0,0,1,0,0,0,55,3
10,1,0,0,0,0,1,0,0,134,2
9,0,0,1,0,1,0,0,0,192,1
4,0,0,1,0,0,0,0,1,96,3
10,0,0,1,0,0,0,0,1,150,1
17,0,1,0,0,0,0,0,1,52,1
23,0,0,1,0,0,1,0,0,123,1
6,0,0,1,0,0,0,1,0,5,3
6,0,0,1,0,0,0,1,0,176,2
3,0,0,1,0,0,0,1,0,35,2
10,0,0,0,1,0,1,0,0,60,2
18,0,1,0,0,1,0,0,0,179,1
17,1,0,0,0,0,0,1,0,5,1
2,0,0,0,1,1,0,0,0,54,2
8,0,1,0,0,1,0,0,0,84,3
18,1,0,0,0,0,0,0,1,131,1
4,1,0,0,0,1,0,0,0,7,1
18,0,0,0,1,0,1,0,0,176,1
6,0,1,0,0,0,0,0,1,147,3
9,0,1,0,0,0,1,0,0,71,2
4,0,0,1,0,0,0,1,0,134,3
6,1,0,0,0,1,0,0,0,86,3
21,0,0,0,1,0,0,1,0,178,1
5,0,0,1,0,0,0,0,1,186,3
16,0,0,1,0,0,1,0,0,170,2
3,0,0,1,0,0,1,0,0,88,2
15,0,1,0,0,0,0,1,0,88,3
4,1,0,0,0,1,0,0,0,158,2
6,0,0,0,1,0,1,0,0,75,1
10,0,0,0,1,1,0,0,0,79,2
3,0,0,1,0,0,1,0,0,108,2
6,0,1,0,0,0,1,0,0,183,2
7,0,1,0,0,0,0,0,1,116,2
18,0,0,0,1,0,0,1,0,64,3
3,0,1,0,0,0,0,0,1,185,2
4,0,0,0,1,0,0,0,1,42,2
10,1,0,0,0,0,1,0,0,80,1
20,0,0,1,0,1,0,0,0,15,1
11,0,0,1,0,0,0,0,1,124,3
22,0,0,1,0,0,0,0,1,48,2
23,1,0,0,0,1,0,0,0,192,2
11,0,0,0,1,0,0,0,1,95,3
2,1,0,0,0,0,0,0,1,183,1
6,0,1,0,0,1,0,0,0,153,3
18,0,1,0,0,1,0,0,0,105,1
0,0,1,0,0,0,0,0,1,134,3
17,1,0,0,0,0,1,0,0,98,2
19,1,0,0,0,0,0,1,0,7,3
1,0,1,0,0,1,0,0,0,108,1
11,0,0,0,1,0,0,1,0,135,2
21,1,0,0,0,0,0,0,1,106,3
2,1,0,0,0,0,1,0,0,111,2
2,0,1,0,0,0,1,0,0,152,3
10,1,0,0,0,1,0,0,0,149,2
23,0,0,1,0,0,1,0,0,99,2
18,1,0,0,0,0,0,0,1,48,3
23,0,0,1,0,0,1,0,0,132,1
2,1,0,0,0,0,1,0,0,156,3
10,0,0,0,1,0,0,1,0,45,3
11,1,0,0,0,0,0,0,1,39,1
2,0,0,1,0,1,0,0,0,19,2
10,1,0,0,0,0,0,0,1,66,1
4,0,0,0,1,1,0,0,0,152,2
1,0,1,0,0,0,1,0,0,100,1
19,0,0,1,0,0,0,1,0,23,3
0,0,0,0,1,1,0,0,0,74,2
12,0,0,0,1,0,0,0,1,172,1
19,0,0,1,0,1,0,0,0,134,1
0,0,0,0,1,1,0,0,0,12,1
23,0,0,1,0,0,1,0,0,35,2
3,0,0,1,0,0,1,0,0,0,2
18,0,1,0,0,0,0,0,1,197,1
1,0,1,0,0,0,1,0,0,94,3
8,0,0,0,1,0,1,0,0,112,3
20,0,0,1,0,0,0,1,0,107,3
15,0,0,1,0,1,0,0,0,79,2
2,0,0,0,1,0,1,0,0,148,3
13,1,0,0,0,0,1,0,0,138,2
16,1,0,0,0,0,1,0,0,188,2
19,0,0,0,1,1,0,0,0,178,1
9,0,0,1,0,0,1,0,0,164,1
10,0,0,0,1,0,0,0,1,179,2
0,1,0,0,0,0,1,0,0,110,3
10,0,0,1,0,0,0,1,0,119,2
8,1,0,0,0,0,0,1,0,133,2
13,1,0,0,0,1,0,0,0,135,1
14,0,1,0,0,0,0,1,0,38,1
18,0,0,1,0,0,0,0,1,183,1
9,0,0,0,1,0,0,1,0,185,1
1,1,0,0,0,0,1,0,0,136,2
3,0,1,0,0,0,0,0,1,198,1
6,1,0,0,0,0,1,0,0,160,3
17,1,0,0,0,0,0,0,1,147,3
20,1,0,0,0,0,0,0,1,119,3
22,0,1,0,0,0,0,0,1,172,1
4,1,0,0,0,0,1,0,0,127,2
3,0,0,0,1,0,0,1,0,194,2
1,1,0,0,0,1,0,0,0,0,3
14,1,0,0,0,0,0,1,0,104,1
20,0,0,1,0,0,0,0,1,100,3
21,1,0,0,0,0,1,0,0,30,2
17,0,0,1,0,0,1,0,0,180,2
4,1,0,0,0,0,1,0,0,77,3
3,1,0,0,0,1,0,0,0,178,2
9,0,0,0,1,0,1,0,0,156,2
7,0,1,0,0,0,0,1,0,38,1
19,0,1,0,0,0,0,0,1,160,1
8,1,0,0,0,0,0,1,0,184,3
3,0,0,0,1,0,0,0,1,31,2
20,1,0,0,0,1,0,0,0,125,2
9,0,1,0,0,0,0,0,1,110,3
19,1,0,0,0,0,0,0,1,75,3
21,0,1,0,0,0,1,0,0,112,2
7,1,0,0,0,0,1,0,0,99,3
13,1,0,0,0,1,0,0,0,179,2
2,0,1,0,0,0,0,0,1,30,3
17,0,0,1,0,0,0,0,1,132,1
21,0,1,0,0,1,0,0,0,43,1
19,1,0,0,0,0,1,0,0,102,2
17,0,0,1,0,0,0,1,0,132,1
3,0,0,0,1,1,0,0,0,84,1
6,0,1,0,0,0,0,1,0,147,1
21,0,0,1,0,0,0,1,0,78,2
3,0,0,1,0,0,0,1,0,4,3
18,1,0,0,0,0,1,0,0,7,1
15,0,0,0,1,1,0,0,0,132,3
6,0,0,1,0,0,1,0,0,74,2
6,0,1,0,0,0,0,1,0,0,1
11,0,0,1,0,0,1,0,0,145,1
0,0,0,1,0,0,0,0,1,179,2
1,0,0,0,1,1,0,0,0,110,3
15,1,0,0,0,0,0,0,1,38,2
2,0,0,0,1,0,0,1,0,82,3
12,1,0,0,0,0,1,0,0,101,2
13,1,0,0,0,1,0,0,0,161,3
18,1,0,0,0,0,0,0,1,145,2
18,0,1,0,0,1,0,0,0,55,1
17,1,0,0,0,0,0,0,1,113,1
11,0,0,0,1,0,1,0,0,5,1
3,0,0,0,1,0,0,0,1,70,1
5,1,0,0,0,0,0,0,1,115,3
18,1,0,0,0,1,0,0,0,12,2
13,1,0,0,0,0,0,1,0,177,3
17,1,0,0,0,0,0,0,1,87,1
9,0,0,1,0,0,1,0,0,132,2
5,0,1,0,0,0,0,1,0,127,2
20,0,1,0,0,1,0,0,0,51,3
0,1,0,0,0,1,0,0,0,170,2
4,0,1,0,0,0,0,0,1,60,3
10,1,0,0,0,0,1,0,0,110,1
21,0,0,0,1,0,0,0,1,162,3
19,0,0,1,0,0,0,0,1,162,2
16,0,0,0,1,0,0,1,0,99,2
17,0,0,0,1,0,1,0,0,196,3
3,0,0,1,0,0,1,0,0,83,2
3,1,0,0,0,0,0,0,1,61,3
16,0,1,0,0,0,0,1,0,164,1
2,0,0,0,1,0,0,1,0,58,3
22,1,0,0,0,0,0,1,0,187,3
2,0,0,1,0,1,0,0,0,56,1
3,0,0,0,1,0,0,1,0,128,1
8,0,1,0,0,1,0,0,0,161,1
1,1,0,0,0,0,0,0,1,166,1
10,0,0,0,1,0,0,0,1,33,3
1,0,1,0,0,0,0,1,0,96,2
4,0,1,0,0,1,0,0,0,130,1
19,0,0,1,0,0,1,0,0,165,3
23,0,0,1,0,0,1,0,0,68,2
8,0,1,0,0,0,0,1,0,181,2
13,0,1,0,0,0,1,0,0,43,1
19,0,0,1,0,0,1,0,0,164,1
10,0,1,0,0,1,0,0,0,31,3
4,0,0,1,0,0,0,0,1,141,2
22,0,0,0,1,0,1,0,0,171,2
17,0,1,0,0,0,0,1,0,137,2
6,0,0,1,0,1,0,0,0,163,3
14,0,0,0,1,0,1,0,0,196,1
17,0,0,1,0,0,0,0,1,147,2
15,0,0,1,0,0,0,1,0,120,1
0,1,0,0,0,0,0,0,1,124,2
20,0,1,0,0,0,0,1,0,150,1
2,1,0,0,0,0,0,1,0,92,3
13,0,1,0,0,1,0,0,0,108,2
15,1,0,0,0,0,0,1,0,19,2
3,0,0,0,1,1,0,0,0,17,2
17,1,0,0,0,0,1,0,0,153,1
1,0,1,0,0,0,0,0,1,120,1
18,0,1,0,0,0,0,1,0,167,3
20,0,1,0,0,0,0,0,1,159,2
5,0,0,1,0,0,1,0,0,148,3
7,1,0,0,0,1,0,0,0,79,2
1,1,0,0,0,0,0,1,0,159,1
1,1,0,0,0,0,0,1,0,155,3
8,0,0,1,0,1,0,0,0,6,2
3,0,1,0,0,1,0,0,0,2,3
11,0,0,0,1,0,0,0,1,187,2
12,1,0,0,0,0,0,1,0,51,1
0,1,0,0,0,0,0,1,0,143,2
10,0,0,1,0,1,0,0,0,33,3
11,0,0,1,0,0,0,1,0,106,3
6,0,0,1,0,1,0,0,0,194,3
0,0,1,0,0,0,0,0,1,3,2
11,0,0,1,0,0,1,0,0,11,3
1,1,0,0,0,0,0,0,1,85,1
8,0,0,0,1,0,1,0,0,29,1
3,0,1,0,0,1,0,0,0,5,2
23,0,0,1,0,1,0,0,0,90,3
10,0,0,1,0,0,0,1,0,167,1
12,0,0,1,0,1,0,0,0,169,1
23,1,0,0,0,0,0,1,0,34,2
8,0,0,1,0,0,1,0,0,148,1
0,0,0,1,0,0,0,0,1,9,3
14,0,0,0,1,0,1,0,0,100,1
14,0,0,0,1,0,0,0,1,2,3
6,0,1,0,0,0,1,0,0,50,3
0,0,0,0,1,1,0,0,0,158,3
17,1,0,0,0,0,0,0,1,116,1
12,0,1,0,0,0,0,1,0,81,3
14,0,0,1,0,1,0,0,0,8,1
4,0,0,1,0,0,1,0,0,33,3
10,0,0,1,0,1,0,0,0,124,1
7,0,0,1,0,1,0,0,0,80,1
4,0,0,1,0,0,0,1,0,181,1
8,1,0,0,0,0,0,1,0,126,2
23,0,0,0,1,1,0,0,0,188,3
21,0,0,0,1,0,0,0,1,109,2
15,0,0,1,0,1,0,0,0,189,1
11,0,0,0,1,0,0,1,0,94,1
15,0,0,1,0,1,0,0,0,82,1
7,1,0,0,0,0,0,1,0,113,1
9,0,0,0,1,1,0,0,0,98,3
18,1,0,0,0,0,1,0,0,170,3
15,1,0,0,0,0,1,0,0,126,1
1,1,0,0,0,0,0,0,1,123,2
8,1,0,0,0,1,0,0,0,150,3
7,0,0,1,0,1,0,0,0,109,1
7,0,1,0,0,1,0,0,0,107,2
2,0,0,1,0,0,0,1,0,136,1
9,1,0,0,0,0,0,1,0,48,3
11,0,0,0,1,0,0,0,1,120,3
15,1,0,0,0,0,1,0,0,50,2
9,0,1,0,0,0,0,1,0,64,1
1,1,0,0,0,0,0,0,1,73,1
9,0,1,0,0,0,1,0,0,148,2
23,0,1,0,0,0,1,0,0,126,2
18,1,0,0,0,0,0,0,1,75,1
13,1,0,0,0,0,1,0,0,145,2
4,0,0,1,0,0,0,1,0,31,1
9,0,0,1,0,0,0,0,1,189,3
5,0,0,1,0,0,0,1,0,24,2
10,1,0,0,0,1,0,0,0,63,1
15,1,0,0,0,0,0,1,0,58,2
22,1,0,0,0,0,0,0,1,151,2
5,0,0,1,0,0,0,1,0,186,3
4,0,1,0,0,0,0,1,0,146,2
12,1,0,0,0,0,0,1,0,85,1
13,0,0,1,0,0,0,1,0,113,3
3,0,0,0,1,1,0,0,0,29,1
19,0,0,0,1,0,1,0,0,70,3
23,1,0,0,0,0,0,1,0,103,2
21,0,1,0,0,0,1,0,0,147,3
15,0,0,1,0,0,0,0,1,47,3
22,0,0,1,0,0,0,1,0,116,1
1,0,1,0,0,0,0,1,0,7,3
22,1,0,0,0,0,1,0,0,96,3
7,0,0,1,0,0,1,0,0,71,1
13,0,0,0,1,0,1,0,0,153,3
15,1,0,0,0,0,0,1,0,35,2
11,1,0,0,0,1,0,0,0,180,2
3,0,1,0,0,0,0,0,1,0,2
10,0,0,0,1,0,1,0,0,180,1
0,0,0,0,1,0,1,0,0,74,1
12,0,0,0,1,1,0,0,0,115,1
11,0,0,0,1,0,0,1,0,56,2
15,0,1,0,0,1,0,0,0,157,1
2,0,0,0,1,0,1,0,0,127,3
20,1,0,0,0,1,0,0,0,76,2
11,1,0,0,0,0,0,0,1,191,1
1,0,0,0,1,0,1,0,0,117,3
0,0,0,1,0,0,0,1,0,176,1
12,0,0,1,0,1,0,0,0,127,3
19,1,0,0,0,1,0,0,0,6,2
13,1,0,0,0,1,0,0,0,64,3
21,0,0,1,0,0,1,0,0,128,2
20,0,0,1,0,0,0,0,1,141,2
5,1,0,0,0,0,1,0,0,52,3
22,0,1,0,0,0,0,1,0,184,3
9,1,0,0,0,0,1,0,0,166,2
5,0,0,1,0,0,0,1,0,187,3
20,1,0,0,0,0,1,0,0,140,3
13,0,0,1,0,1,0,0,0,90,1
22,1,0,0,0,0,0,0,1,154,1
16,0,0,0,1,0,0,0,1,120,1
8,0,1,0,0,0,0,0,1,12,2
23,1,0,0,0,1,0,0,0,132,2
2,0,0,1,0,1,0,0,0,165,1
16,1,0,0,0,1,0,0,0,172,2
9,0,1,0,0,0,0,1,0,118,3
5,1,0,0,0,0,0,1,0,41,2
10,0,1,0,0,1,0,0,0,110,1
19,0,0,1,0,1,0,0,0,199,1
8,0,0,1,0,0,1,0,0,123,1
23,0,1,0,0,0,0,0,1,116,3
4,1,0,0,0,0,0,0,1,155,1
6,0,1,0,0,1,0,0,0,31,1
13,0,1,0,0,1,0,0,0,140,1
13,0,0,1,0,0,0,0,1,182,1
17,0,1,0,0,0,0,0,1,16,3
20,0,0,1,0,0,0,1,0,44,2
10,0,0,0,1,0,1,0,0,0,2
4,1,0,0,0,0,0,1,0,157,3
15,0,0,0,1,1,0,0,0,36,3
17,0,0,1,0,0,1,0,0,101,1
0,0,0,1,0,0,0,1,0,86,3
9,0,0,0,1,0,0,1,0,22,3
12,1,0,0,0,0,0,1,0,5,1
23,0,0,0,1,0,1,0,0,40,2
5,0,0,1,0,0,1,0,0,111,2
0,0,0,0,1,1,0,0,0,127,1
6,0,0,0,1,0,0,1,0,105,1
7,1,0,0,0,1,0,0,0,114,3
5,0,0,1,0,0,0,0,1,82,3
17,0,0,1,0,0,1,0,0,43,1
17,0,0,0,1,0,0,1,0,182,2
11,1,0,0,0,0,1,0,0,139,2
22,0,1,0,0,0,0,1,0,86,1
2,1,0,0,0,0,1,0,0,173,2
6,1,0,0,0,0,1,0,0,127,1
18,0,1,0,0,0,1,0,0,7,2
23,1,0,0,0,1,0,0,0,56,3
4,0,0,1,0,0,0,0,1,21,3
7,0,0,0,1,1,0,0,0,116,2
13,0,0,0,1,0,0,1,0,178,1
10,1,0,0,0,1,0,0,0,70,3
7,1,0,0,0,0,0,0,1,131,2
14,0,1,0,0,0,0,1,0,176,2
16,0,0,0,1,1,0,0,0,142,3
0,0,0,0,1,1,0,0,0,147,3
19,0,0,1,0,1,0,0,0,122,1
19,1,0,0,0,1,0,0,0,173,3
18,0,1,0,0,0,0,0,1,181,3
14,0,1,0,0,0,0,0,1,181,1
9,0,0,0,1,0,1,0,0,65,1
4,0,1,0,0,0,0,0,1,44,2
21,0,0,0,1,1,0,0,0,63,2
12,1,0,0,0,0,0,0,1,110,1
14,0,1,0,0,0,1,0,0,18,3
1,0,1,0,0,0,1,0,0,8,3
15,0,0,0,1,0,1,0,0,21,1
4,0,1,0,0,0,0,0,1,85,3
7,0,0,0,1,0,0,1,0,61,3
16,1,0,0,0,0,0,1,0,78,3
5,0,0,0,1,0,1,0,0,10,2
21,0,1,0,0,0,0,1,0,41,3
0,0,0,0,1,0,0,1,0,162,1
20,1,0,0,0,0,0,0,1,162,1
0,1,0,0,0,0,0,1,0,80,3
10,1,0,0,0,0,0,0,1,35,1
19,0,1,0,0,0,0,1,0,152,2
23,0,1,0,0,0,0,0,1,85,1
15,0,0,0,1,1,0,0,0,42,3
8,0,0,0,1,0,0,1,0,175,2
21,1,0,0,0,0,0,0,1,132,1
15,0,0,1,0,0,0,1,0,55,1
21,0,0,1,0,0,0,0,1,168,2
23,0,1,0,0,0,0,1,0,115,3
20,0,0,0,1,0,0,0,1,81,1
17,1,0,0,0,0,0,1,0,92,2
13,1,0,0,0,0,1,0,0,56,2
22,0,0,1,0,0,0,1,0,92,1
7,0,1,0,0,0,0,1,0,93,3
10,0,0,0,1,0,0,0,1,136,2
3,0,0,0,1,0,1,0,0,26,3
22,0,0,1,0,1,0,0,0,95,1
13,0,0,1,0,0,1,0,0,133,1
14,0,0,0,1,0,0,0,1,122,1
22,0,1,0,0,0,0,1,0,82,3
19,0,0,1,0,1,0,0,0,110,1
23,0,0,0,1,0,0,1,0,149,3
5,0,0,0,1,0,1,0,0,62,3
21,0,1,0,0,0,1,0,0,81,3
9,0,0,1,0,0,0,0,1,151,2
3,0,0,1,0,1,0,0,0,79,2
18,0,1,0,0,0,1,0,0,25,2
7,1,0,0,0,0,0,0,1,77,2
9,0,0,0,1,0,1,0,0,181,2
5,0,0,1,0,1,0,0,0,182,1
5,0,0,1,0,1,0,0,0,98,3
6,0,0,1,0,0,1,0,0,134,1
3,0,0,0,1,0,0,0,1,165,2
22,0,0,1,0,0,1,0,0,36,1
4,0,0,0,1,0,1,0,0,103,1
3,0,0,0,1,0,0,0,1,9,2
16,0,1,0,0,0,0,1,0,55,1
18,0,1,0,0,0,0,0,1,37,2
7,0,0,0,1,0,0,0,1,70,1
7,1,0,0,0,0,0,0,1,81,1
18,1,0,0,0,0,0,1,0,12,1
8,0,1,0,0,0,0,0,1,168,3
17,1,0,0,0,0,1,0,0,64,1
15,0,0,1,0,0,0,0,1,63,2
11,0,1,0,0,0,0,1,0,148,3
9,0,1,0,0,0,0,1,0,87,1
8,0,1,0,0,0,0,0,1,37,2
5,1,0,0,0,0,0,0,1,144,2
16,0,0,1,0,0,0,1,0,194,2
1,0,0,1,0,0,1,0,0,160,3
5,1,0,0,0,0,1,0,0,182,1
9,1,0,0,0,0,0,1,0,20,1
14,0,0,0,1,0,1,0,0,36,3
23,0,0,0,1,0,1,0,0,73,1
19,0,1,0,0,1,0,0,0,93,3
7,0,1,0,0,0,1,0,0,30,2
6,0,1,0,0,0,0,0,1,31,3
9,1,0,0,0,0,0,0,1,149,2
4,0,1,0,0,0,1,0,0,179,3
6,0,0,1,0,1,0,0,0,192,3
3,0,0,0,1,0,0,1,0,72,2
12,0,0,1,0,0,1,0,0,24,3
20,0,0,1,0,0,0,0,1,73,3
22,1,0,0,0,1,0,0,0,151,3
17,1,0,0,0,0,0,1,0,19,2
6,0,1,0,0,0,0,0,1,21,2
14,1,0,0,0,1,0,0,0,60,1
22,0,0,1,0,0,1,0,0,42,2
16,1,0,0,0,1,0,0,0,173,1
13,0,0,0,1,0,1,0,0,26,3
15,0,1,0,0,1,0,0,0,26,3
0,0,1,0,0,0,0,1,0,33,3
15,0,0,1,0,0,0,0,1,24,1
5,0,1,0,0,1,0,0,0,82,1
13,0,1,0,0,0,0,0,1,148,2
9,0,0,0,1,1,0,0,0,199,3
23,1,0,0,0,0,0,1,0,169,1
14,0,1,0,0,0,0,1,0,72,1
8,1,0,0,0,0,0,0,1,35,1
9,1,0,0,0,0,0,1,0,18,3
3,0,0,0,1,1,0,0,0,24,3
12,0,0,1,0,0,1,0,0,3,1
12,0,0,1,0,0,1,0,0,81,3
4,0,1,0,0,1,0,0,0,130,2
2,0,1,0,0,1,0,0,0,89,2
5,0,1,0,0,0,1,0,0,133,3
18,1,0,0,0,1,0,0,0,174,2
8,0,0,1,0,0,0,1,0,186,1
11,1,0,0,0,0,0,1,0,178,2
15,0,0,1,0,0,1,0,0,124,3
15,1,0,0,0,0,1,0,0,110,3
1,0,0,0,1,0,1,0,0,42,3
7,0,1,0,0,1,0,0,0,72,3
6,0,1,0,0,0,0,1,0,50,3
12,0,0,1,0,1,0,0,0,50,2
2,0,1,0,0,0,0,0,1,192,3
22,0,0,1,0,0,0,1,0,188,3
18,0,0,1,0,0,0,0,1,132,2
14,0,0,1,0,0,0,0,1,13,3
18,0,0,1,0,1,0,0,0,136,2
20,0,1,0,0,0,0,0,1,151,2
12,0,1,0,0,0,1,0,0,177,2
23,0,0,0,1,0,0,0,1,77,3
16,0,0,0,1,0,1,0,0,63,2
1,1,0,0,0,0,0,0,1,111,2
8,0,0,0,1,0,0,0,1,60,2
6,0,0,1,0,0,0,0,1,128,1
4,0,0,0,1,1,0,0,0,116,1
23,0,1,0,0,0,1,0,0,17,3
13,1,0,0,0,0,1,0,0,36,2
15,0,0,0,1,1,0,0,0,18,3
16,0,1,0,0,1,0,0,0,54,2
20,0,0,0,1,0,1,0,0,38,2
2,0,1,0,0,0,1,0,0,170,1
1,0,1,0,0,0,1,0,0,148,1
1,0,1,0,0,0,1,0,0,16,3
5,0,0,1,0,1,0,0,0,48,3
19,1,0,0,0,1,0,0,0,38,2
0,0,1,0,0,0,1,0,0,9,3
11,1,0,0,0,0,0,0,1,79,3
14,0,0,1,0,0,0,0,1,197,2
0,0,0,1,0,0,0,1,0,169,2
15,0,1,0,0,0,0,0,1,26,2
21,0,1,0,0,1,0,0,0,165,1
9,0,0,0,1,1,0,0,0,56,1
11,1,0,0,0,0,1,0,0,137,3
19,0,1,0,0,0,1,0,0,102,3
10,0,1,0,0,0,1,0,0,66,3
18,0,1,0,0,1,0,0,0,171,3
18,0,0,0,1,0,1,0,0,90,3
13,0,0,1,0,1,0,0,0,40,2
8,0,0,1,0,0,1,0,0,107,3
5,1,0,0,0,0,0,1,0,17,3
5,0,1,0,0,0,0,0,1,80,2
0,0,0,1,0,0,0,0,1,175,2
9,1,0,0,0,0,1,0,0,122,3
5,0,1,0,0,0,0,1,0,65,3
6,1,0,0,0,0,0,0,1,29,3
13,0,0,0,1,0,0,1,0,59,3
7,0,0,0,1,0,0,1,0,100,2
17,0,0,1,0,0,0,1,0,183,1
17,0,1,0,0,1,0,0,0,9,1
6,1,0,0,0,1,0,0,0,54,1
5,1,0,0,0,0,0,1,0,57,3
14,1,0,0,0,0,0,1,0,97,1
1,0,1,0,0,1,0,0,0,82,2
17,0,0,0,1,0,0,1,0,176,1
4,0,0,0,1,0,0,0,1,149,3
23,0,0,1,0,0,0,0,1,42,1
12,1,0,0,0,0,0,0,1,138,1
19,1,0,0,0,0,1,0,0,115,1
5,0,0,1,0,1,0,0,0,166,1
22,0,0,1,0,0,1,0,0,33,3
8,0,1,0,0,0,0,0,1,95,2
1,0,1,0,0,1,0,0,0,150,1
6,1,0,0,0,1,0,0,0,174,3
18,0,0,0,1,0,0,1,0,76,2
21,0,1,0,0,0,0,1,0,39,3
5,1,0,0,0,0,0,0,1,130,3
4,0,0,1,0,1,0,0,0,195,2
12,1,0,0,0,0,0,0,1,188,1
19,0,0,0,1,0,0,1,0,167,1
20,0,0,0,1,1,0,0,0,134,3
20,0,0,0,1,1,0,0,0,86,1
11,1,0,0,0,1,0,0,0,165,3
10,1,0,0,0,0,0,0,1,182,2
7,0,0,1,0,0,1,0,0,42,2
17,0,0,1,0,1,0,0,0,199,2
16,0,1,0,0,1,0,0,0,119,2
1,0,0,0,1,0,1,0,0,148,3
3,0,0,1,0,0,0,0,1,175,2
1,0,1,0,0,0,1,0,0,136,3
15,0,0,0,1,1,0,0,0,181,3
14,0,0,1,0,0,0,0,1,27,3
6,0,0,0,1,0,0,1,0,165,1
8,0,0,1,0,0,1,0,0,185,3
19,0,1,0,0,0,0,0,1,19,1
22,0,1,0,0,0,0,1,0,155,3
12,0,1,0,0,0,0,0,1,112,2
17,1,0,0,0,1,0,0,0,140,3
15,0,0,1,0,0,0,0,1,124,2
14,1,0,0,0,0,0,0,1,144,1
23,1,0,0,0,0,1,0,0,112,3
10,0,0,1,0,1,0,0,0,76,3
16,0,0,0,1,0,1,0,0,70,2
12,0,0,0,1,0,1,0,0,166,3
12,0,0,1,0,0,0,0,1,3,3
18,0,0,1,0,0,0,0,1,64,2
14,0,0,0,1,0,1,0,0,125,1
14,0,1,0,0,0,0,1,0,100,3
10,0,0,0,1,0,0,0,1,117,3
1,0,1,0,0,0,0,0,1,47,3
9,0,1,0,0,1,0,0,0,97,2
8,0,0,0,1,1,0,0,0,197,2
21,0,0,0,1,0,1,0,0,81,1
10,1,0,0,0,0,0,1,0,152,1
13,1,0,0,0,1,0,0,0,170,3
7,0,1,0,0,1,0,0,0,93,2
6,1,0,0,0,0,0,1,0,7,2
9,0,0,0,1,0,0,0,1,140,1
13,0,0,0,1,0,1,0,0,190,1
9,0,1,0,0,0,0,0,1,20,1
7,1,0,0,0,1,0,0,0,74,3
4,1,0,0,0,0,0,1,0,28,2
20,1,0,0,0,0,0,0,1,142,3
2,0,0,1,0,0,1,0,0,42,3
7,1,0,0,0,1,0,0,0,55,3
5,0,0,1,0,0,1,0,0,11,3
3,0,1,0,0,1,0,0,0,30,1
17,0,0,0,1,1,0,0,0,24,1
9,0,1,0,0,1,0,0,0,147,1
20,0,0,1,0,1,0,0,0,115,1
23,0,0,1,0,0,1,0,0,131,3
13,0,0,0,1,1,0,0,0,96,3
10,0,1,0,0,0,0,0,1,45,2
21,0,0,1,0,0,0,0,1,74,2
4,1,0,0,0,0,0,1,0,90,3
9,0,0,0,1,0,1,0,0,143,3
23,0,0,0,1,0,0,1,0,98,2
4,0,0,0,1,0,0,0,1,137,3
13,0,0,0,1,1,0,0,0,11,3
0,0,0,0,1,0,0,1,0,193,2
20,0,0,0,1,0,0,1,0,187,1
2,0,0,0,1,1,0,0,0,171,3
19,0,1,0,0,0,1,0,0,193,2
8,1,0,0,0,0,0,1,0,6,2
17,0,0,1,0,1,0,0,0,43,1
16,0,0,0,1,0,0,0,1,100,1
9,0,1,0,0,0,0,0,1,46,1
10,0,0,1,0,0,0,1,0,79,1
20,0,1,0,0,0,0,0,1,171,1
21,0,1,0,0,1,0,0,0,47,1
15,0,1,0,0,0,0,1,0,138,1
20,1,0,0,0,0,0,1,0,194,2
22,1,0,0,0,0,1,0,0,148,1
23,0,0,0,1,0,0,0,1,43,2
10,0,1,0,0,1,0,0,0,188,1
17,0,1,0,0,1,0,0,0,104,3
14,0,1,0,0,1,0,0,0,35,3
17,0,0,0,1,1,0,0,0,68,2
14,1,0,0,0,0,0,0,1,137,2
8,1,0,0,0,1,0,0,0,139,3
6,0,1,0,0,0,1,0,0,102,1
18,1,0,0,0,0,0,1,0,75,2
9,1,0,0,0,0,1,0,0,26,2
18,1,0,0,0,0,0,0,1,153,3
14,0,0,1,0,0,0,1,0,120,1
10,0,1,0,0,0,1,0,0,163,2
15,1,0,0,0,0,0,0,1,104,3
5,0,1,0,0,0,1,0,0,83,3
0,0,0,0,1,0,0,1,0,145,3
7,1,0,0,0,0,0,1,0,99,3
19,1,0,0,0,1,0,0,0,128,1
1,1,0,0,0,0,1,0,0,49,2
0,0,0,1,0,0,1,0,0,128,3
19,0,1,0,0,0,1,0,0,74,1
14,1,0,0,0,1,0,0,0,195,1
11,0,1,0,0,1,0,0,0,67,2
3,1,0,0,0,0,0,1,0,43,2
1,0,1,0,0,1,0,0,0,58,2
5,0,1,0,0,0,0,0,1,158,1
3,0,1,0,0,0,1,0,0,166,1
21,0,0,0,1,0,1,0,0,15,1
10,0,1,0,0,0,0,1,0,63,1
10,0,1,0,0,0,0,1,0,143,2
6,0,1,0,0,1,0,0,0,144,3
2,0,0,1,0,0,0,0,1,117,3
15,0,1,0,0,0,0,1,0,128,1
4,0,0,0,1,0,0,0,1,85,3
8,0,0,1,0,0,0,0,1,51,2
18,1,0,0,0,0,0,1,0,121,2
3,1,0,0,0,1,0,0,0,147,1
12,1,0,0,0,1,0,0,0,104,3
18,0,1,0,0,0,1,0,0,95,1
17,0,1,0,0,0,1,0,0,123,1
9,0,1,0,0,0,0,0,1,3,2
11,0,1,0,0,1,0,0,0,138,3
22,1,0,0,0,0,0,1,0,126,2
23,0,0,0,1,0,1,0,0,138,1
13,0,1,0,0,0,0,1,0,118,1
4,0,1,0,0,1,0,0,0,18,2
4,1,0,0,0,0,0,1,0,128,2
23,0,0,1,0,0,0,1,0,75,2
13,0,1,0,0,0,1,0,0,56,3
3,0,1,0,0,0,0,0,1,1,2
9,0,1,0,0,1,0,0,0,127,3
10,0,1,0,0,0,0,1,0,24,2
8,0,0,0,1,0,1,0,0,129,3
19,0,1,0,0,0,1,0,0,39,2
13,0,0,1,0,0,0,1,0,92,3
12,0,0,1,0,0,0,0,1,120,1
14,0,0,1,0,0,0,0,1,142,2
12,0,1,0,0,1,0,0,0,196,1
8,1,0,0,0,1,0,0,0,179,3
14,1,0,0,0,0,0,1,0,1,1
1,1,0,0,0,0,0,1,0,24,3
4,0,1,0,0,0,0,0,1,134,3
19,0,0,1,0,0,0,0,1,111,3
14,0,0,1,0,1,0,0,0,93,2
16,0,1,0,0,0,0,0,1,144,3
6,0,0,0,1,0,0,0,1,94,1
21,0,0,1,0,0,0,0,1,51,1
22,1,0,0,0,1,0,0,0,78,1
15,0,1,0,0,1,0,0,0,82,3
12,1,0,0,0,0,0,1,0,113,2
1,0,0,0,1,0,0,0,1,38,1
0,0,0,1,0,0,0,0,1,4,3
5,0,0,0,1,0,0,1,0,175,3
10,0,1,0,0,0,0,1,0,15,1
14,0,0,0,1,1,0,0,0,195,1
20,0,0,1,0,0,0,0,1,146,3
10,0,0,0,1,0,0,1,0,106,2
0,1,0,0,0,0,0,1,0,154,3
10,0,0,1,0,0,0,1,0,179,2
21,0,1,0,0,0,0,0,1,158,1
23,0,1,0,0,1,0,0,0,43,1
20,0,0,0,1,0,0,0,1,16,2
2,0,0,0,1,0,0,0,1,157,1
7,0,0,1,0,0,0,1,0,118,1
5,1,0,0,0,0,1,0,0,20,2
0,0,0,1,0,0,0,0,1,19,3
4,0,0,0,1,0,0,1,0,139,3
16,0,0,1,0,0,0,0,1,29,2
14,1,0,0,0,0,1,0,0,51,1
15,1,0,0,0,0,0,1,0,54,3
14,0,0,0,1,0,1,0,0,10,2
0,1,0,0,0,0,1,0,0,1,3
2,0,0,1,0,0,0,1,0,181,3
6,0,0,1,0,0,0,0,1,54,1
23,0,0,0,1,0,1,0,0,156,2
9,0,1,0,0,0,0,0,1,32,1
5,0,0,0,1,1,0,0,0,120,1
16,0,0,1,0,0,1,0,0,118,2
3,0,0,1,0,1,0,0,0,161,2
12,1,0,0,0,0,0,0,1,60,3
14,0,0,1,0,0,1,0,0,117,1
8,0,0,1,0,1,0,0,0,3,1
19,0,0,1,0,0,0,0,1,104,1
10,0,0,0,1,0,0,0,1,188,3
17,0,0,0,1,0,1,0,0,198,2
19,0,1,0,0,0,0,1,0,24,3
20,0,0,1,0,0,0,0,1,69,2
2,1,0,0,0,1,0,0,0,98,1
0,0,0,1,0,1,0,0,0,80,3
5,0,0,0,1,0,0,1,0,51,1
6,0,1,0,0,1,0,0,0,116,2
0,1,0,0,0,0,1,0,0,136,3
2,0,0,0,1,0,0,1,0,192,2
11,0,0,1,0,0,0,0,1,52,2
11,0,0,1,0,0,1,0,0,181,3
10,0,0,0,1,1,0,0,0,8,2
20,0,1,0,0,0,1,0,0,123,2
1,0,1,0,0,1,0,0,0,18,1
2,0,1,0,0,1,0,0,0,71,1
19,0,1,0,0,0,1,0,0,191,1
7,1,0,0,0,0,1,0,0,30,1
19,0,0,0,1,0,0,1,0,80,2
17,0,0,0,1,0,0,0,1,57,1
18,0,0,0,1,0,1,0,0,43,2
11,1,0,0,0,0,0,1,0,95,2
23,0,0,1,0,0,0,0,1,28,1
14,0,0,0,1,1,0,0,0,31,1
10,0,0,1,0,0,0,0,1,50,2
17,0,0,0,1,0,1,0,0,119,2
11,0,0,0,1,0,1,0,0,127,3
16,0,0,0,1,1,0,0,0,60,3
17,0,0,1,0,1,0,0,0,102,3
9,1,0,0,0,1,0,0,0,83,1
1,0,1,0,0,0,0,0,1,81,3
15,0,0,0,1,0,1,0,0,161,3
19,0,0,0,1,0,1,0,0,189,2
12,0,0,0,1,0,1,0,0,181,2
7,0,0,1,0,0,1,0,0,178,1
13,0,0,0,1,1,0,0,0,113,3
16,0,0,0,1,0,1,0,0,94,2
10,1,0,0,0,0,0,1,0,187,1
3,0,0,0,1,1,0,0,0,23,3
15,0,1,0,0,0,0,1,0,141,3
0,0,1,0,0,0,0,0,1,100,3
4,0,0,1,0,0,1,0,0,125,3
1,0,0,0,1,0,1,0,0,75,1
14,1,0,0,0,1,0,0,0,100,2
14,1,0,0,0,0,0,0,1,97,3
9,0,0,1,0,1,0,0,0,94,1
2,0,1,0,0,0,1,0,0,120,3
11,0,0,0,1,0,1,0,0,49,1
0,1,0,0,0,0,0,0,1,96,2
4,0,0,1,0,1,0,0,0,192,2
5,0,1,0,0,0,0,1,0,3,2
5,1,0,0,0,0,0,1,0,122,2
5,0,1,0,0,1,0,0,0,111,2
16,0,1,0,0,0,0,0,1,44,1
15,0,1,0,0,1,0,0,0,2,3
22,0,0,0,1,1,0,0,0,22,2
11,0,0,1,0,0,0,0,1,84,3
4,0,0,0,1,1,0,0,0,129,3
6,0,0,1,0,1,0,0,0,76,3
15,0,0,0,1,0,0,1,0,97,2
1,0,1,0,0,0,0,1,0,36,2
17,0,1,0,0,0,0,1,0,69,2
16,0,0,1,0,0,0,1,0,146,1
16,1,0,0,0,0,0,1,0,144,1
0,0,1,0,0,0,0,0,1,161,2
22,1,0,0,0,0,0,1,0,35,1
16,0,0,1,0,0,0,1,0,31,1
9,0,1,0,0,1,0,0,0,39,3
17,0,0,0,1,1,0,0,0,199,3
2,0,0,1,0,1,0,0,0,110,3
21,0,0,1,0,0,1,0,0,117,3
16,0,0,0,1,0,0,0,1,115,3
1,0,0,1,0,0,1,0,0,24,3
19,0,0,1,0,0,0,1,0,105,3
8,0,1,0,0,0,1,0,0,63,2
4,0,1,0,0,1,0,0,0,81,1
7,0,0,0,1,0,1,0,0,36,3
1,0,0,1,0,0,1,0,0,148,3
8,0,0,1,0,0,0,0,1,56,2
6,0,1,0,0,0,1,0,0,189,1
5,0,0,1,0,1,0,0,0,69,3
13,0,0,1,0,1,0,0,0,112,2
16,0,1,0,0,1,0,0,0,57,3
16,0,1,0,0,0,0,1,0,51,1
13,0,1,0,0,1,0,0,0,132,2
14,0,0,1,0,0,1,0,0,77,2
12,1,0,0,0,1,0,0,0,15,3
22,1,0,0,0,1,0,0,0,163,3
3,0,0,0,1,0,0,1,0,77,3
10,1,0,0,0,0,0,1,0,143,1
10,0,1,0,0,1,0,0,0,24,3
5,0,0,0,1,0,0,1,0,1,3
20,1,0,0,0,1,0,0,0,170,3
16,0,0,1,0,0,0,0,1,128,3
5,0,0,0,1,0,1,0,0,169,2
15,1,0,0,0,0,0,0,1,108,1
16,0,0,0,1,0,0,1,0,178,3
18,0,0,1,0,0,0,0,1,61,2
20,0,0,1,0,0,1,0,0,44,2
12,0,0,0,1,1,0,0,0,150,1
5,0,0,1,0,1,0,0,0,176,2
13,0,0,0,1,1,0,0,0,107,3
18,0,0,0,1,1,0,0,0,55,2
16,0,0,0,1,0,0,0,1,110,3
10,1,0,0,0,0,0,0,1,57,3
20,1,0,0,0,1,0,0,0,84,1
8,0,1,0,0,0,0,0,1,129,2
17,0,0,1,0,1,0,0,0,5,3
18,0,0,1,0,0,0,0,1,28,1
22,0,1,0,0,0,0,0,1,60,2
20,0,0,0,1,1,0,0,0,74,1
16,0,0,1,0,0,1,0,0,112,1
2,0,1,0,0,0,1,0,0,159,3
17,0,0,0,1,0,0,1,0,77,2
2,0,0,0,1,1,0,0,0,62,3
6,0,0,1,0,0,0,1,0,162,3
20,0,0,1,0,1,0,0,0,56,1
6,1,0,0,0,0,1,0,0,31,3
22,0,0,0,1,0,0,0,1,43,2
20,1,0,0,0,0,0,0,1,135,2
22,0,0,1,0,0,0,1,0,99,1
17,1,0,0,0,1,0,0,0,153,1
22,1,0,0,0,1,0,0,0,49,2
14,0,0,1,0,0,1,0,0,162,2
2,0,0,0,1,0,0,0,1,126,2
22,0,0,0,1,0,1,0,0,38,1
23,1,0,0,0,1,0,0,0,37,1
6,0,1,0,0,0,0,1,0,72,2
8,0,1,0,0,0,1,0,0,133,1
16,0,0,1,0,1,0,0,0,119,2
19,0,0,1,0,1,0,0,0,34,1
5,0,1,0,0,0,1,0,0,176,1
9,0,0,1,0,0,1,0,0,127,3
4,1,0,0,0,1,0,0,0,153,1
1,1,0,0,0,1,0,0,0,117,3
11,0,0,1,0,0,1,0,0,93,3
18,1,0,0,0,0,0,1,0,145,2
5,1,0,0,0,0,0,0,1,77,1
21,1,0,0,0,1,0,0,0,69,1
1,1,0,0,0,0,1,0,0,49,1
5,0,0,1,0,1,0,0,0,70,1
22,0,0,0,1,0,0,0,1,152,1
11,1,0,0,0,0,1,0,0,190,2
5,1,0,0,0,0,0,0,1,28,1
8,0,1,0,0,1,0,0,0,11,3
2,0,0,1,0,0,0,1,0,34,1
13,0,0,1,0,0,1,0,0,26,2
11,0,0,1,0,0,0,1,0,83,2
7,0,1,0,0,0,0,1,0,133,3
0,0,0,0,1,0,0,0,1,119,1
10,0,0,0,1,0,0,1,0,64,2
6,0,1,0,0,1,0,0,0,148,2
18,0,0,1,0,0,1,0,0,170,1
22,1,0,0,0,0,0,1,0,102,1
7,0,1,0,0,0,0,1,0,174,2
7,0,0,0,1,0,1,0,0,87,1
12,1,0,0,0,0,0,0,1,73,1
13,0,0,0,1,0,0,1,0,92,3
3,0,0,1,0,1,0,0,0,33,3
10,1,0,0,0,0,1,0,0,67,1
6,1,0,0,0,0,0,0,1,82,1
23,1,0,0,0,0,0,1,0,80,1
2,1,0,0,0,0,0,0,1,194,1
19,1,0,0,0,0,0,0,1,88,2
15,0,0,0,1,0,0,0,1,142,1
6,0,0,0,1,1,0,0,0,121,1
1,0,0,0,1,1,0,0,0,80,2
15,0,0,1,0,0,1,0,0,88,3
0,1,0,0,0,0,0,1,0,91,3
18,1,0,0,0,1,0,0,0,142,3
8,0,0,0,1,0,0,0,1,70,2
23,0,0,0,1,1,0,0,0,81,2
21,0,1,0,0,0,0,1,0,181,1
5,0,0,1,0,0,1,0,0,181,3
1,0,0,0,1,0,0,1,0,146,3
5,0,0,1,0,0,0,1,0,193,3
18,0,0,0,1,0,0,1,0,193,3
16,0,0,0,1,0,0,0,1,175,3
18,0,1,0,0,0,1,0,0,27,1
17,0,0,0,1,0,0,1,0,159,1
12,0,0,0,1,0,0,1,0,13,3
11,0,0,1,0,0,0,0,1,62,1
21,0,0,1,0,0,0,0,1,132,2
10,0,0,1,0,0,0,0,1,43,3
8,1,0,0,0,0,0,0,1,182,2
9,0,1,0,0,0,1,0,0,6,2
2,1,0,0,0,0,0,1,0,166,2
23,0,0,0,1,0,0,0,1,41,3
20,1,0,0,0,0,0,1,0,136,3
10,1,0,0,0,0,1,0,0,26,2
3,1,0,0,0,1,0,0,0,55,2
7,1,0,0,0,0,0,1,0,114,1
22,0,1,0,0,0,1,0,0,177,2
7,1,0,0,0,1,0,0,0,69,2
8,0,0,0,1,0,0,0,1,78,1
9,0,0,1,0,0,1,0,0,25,1
19,0,1,0,0,0,1,0,0,60,1
1,0,0,0,1,0,1,0,0,97,2
11,0,0,1,0,1,0,0,0,57,1
15,0,0,0,1,0,0,1,0,75,1
21,1,0,0,0,0,1,0,0,58,3
3,0,0,0,1,0,0,1,0,157,1
1,0,1,0,0,0,1,0,0,164,2
10,0,0,0,1,0,0,1,0,147,1
21,1,0,0,0,0,0,0,1,176,3
0,0,0,0,1,0,0,0,1,86,2
9,1,0,0,0,0,0,1,0,37,2
22,1,0,0,0,0,0,1,0,60,3
11,0,1,0,0,0,1,0,0,132,1
11,1,0,0,0,0,0,1,0,197,1
5,0,1,0,0,0,0,0,1,59,2
12,1,0,0,0,0,1,0,0,27,2
14,0,1,0,0,0,0,0,1,195,1
8,0,0,0,1,0,1,0,0,70,3
21,0,0,1,0,0,0,0,1,130,3
11,0,0,1,0,0,1,0,0,72,2
20,0,0,0,1,0,0,1,0,52,1
6,1,0,0,0,0,0,1,0,146,3
17,0,1,0,0,0,1,0,0,16,1
4,0,1,0,0,0,0,0,1,155,1
8,1,0,0,0,0,1,0,0,46,1
17,1,0,0,0,1,0,0,0,191,2
6,0,1,0,0,0,0,0,1,81,2
13,0,1,0,0,0,0,1,0,76,2
10,0,0,1,0,0,0,1,0,47,3
22,1,0,0,0,1,0,0,0,52,3
4,0,1,0,0,0,0,0,1,7,2
21,0,0,0,1,0,0,0,1,77,1
2,1,0,0,0,0,1,0,0,142,1
16,0,0,0,1,0,1,0,0,110,1
8,1,0,0,0,0,1,0,0,57,3
8,1,0,0,0,0,0,1,0,102,1
14,0,1,0,0,0,0,1,0,152,3
22,0,0,0,1,1,0,0,0,166,3
20,0,0,0,1,0,1,0,0,52,2
4,1,0,0,0,0,1,0,0,108,2
14,0,0,0,1,0,1,0,0,90,3
17,0,0,0,1,1,0,0,0,45,1
11,0,0,0,1,0,0,1,0,142,2
6,0,0,0,1,0,0,0,1,115,3
23,0,0,0,1,0,0,1,0,171,3
3,0,1,0,0,0,0,0,1,135,3
19,0,0,1,0,0,0,1,0,90,1
3,1,0,0,0,0,1,0,0,1,2
9,0,0,0,1,0,0,1,0,140,1
22,0,1,0,0,1,0,0,0,170,3
13,0,1,0,0,0,0,1,0,21,1
22,0,1,0,0,0,0,0,1,40,3
11,1,0,0,0,0,0,0,1,128,1
17,0,0,0,1,0,1,0,0,68,2
19,1,0,0,0,0,0,1,0,178,3
12,0,0,0,1,1,0,0,0,60,2
22,0,0,1,0,1,0,0,0,95,3
5,1,0,0,0,0,1,0,0,138,3
7,0,1,0,0,0,0,0,1,17,3
4,0,0,1,0,0,1,0,0,14,2
3,0,1,0,0,0,0,0,1,80,2
22,0,0,1,0,0,0,1,0,170,3
0,0,1,0,0,0,0,0,1,172,1
9,0,0,1,0,0,0,0,1,161,2
10,0,0,1,0,0,0,0,1,199,3
11,1,0,0,0,1,0,0,0,127,3
21,0,0,1,0,0,0,0,1,135,3
20,0,1,0,0,0,0,0,1,83,1
7,0,1,0,0,1,0,0,0,157,1
6,0,0,1,0,1,0,0,0,100,1
18,0,0,1,0,0,0,0,1,24,2
12,0,1,0,0,0,0,0,1,23,1
2,0,0,0,1,0,0,1,0,82,3
10,1,0,0,0,1,0,0,0,55,2
11,0,0,1,0,0,1,0,0,6,3
16,0,1,0,0,0,0,0,1,9,1
9,0,1,0,0,0,0,0,1,34,2
15,1,0,0,0,0,1,0,0,101,2
21,0,0,1,0,1,0,0,0,37,1
15,1,0,0,0,0,0,1,0,60,3
13,1,0,0,0,1,0,0,0,132,2
2,0,1,0,0,0,0,0,1,88,1
7,0,0,1,0,0,0,1,0,179,3
10,0,1,0,0,0,1,0,0,140,1
17,1,0,0,0,0,1,0,0,184,3
8,0,0,1,0,1,0,0,0,74,3
12,1,0,0,0,0,1,0,0,72,3
19,0,1,0,0,0,0,1,0,70,1
11,1,0,0,0,0,0,0,1,189,2
7,0,1,0,0,0,0,1,0,33,2
21,1,0,0,0,1,0,0,0,78,2
0,0,1,0,0,1,0,0,0,90,1
10,1,0,0,0,0,1,0,0,42,1
17,1,0,0,0,0,0,0,1,7,3
3,1,0,0,0,0,0,0,1,11,3
2,0,0,1,0,0,1,0,0,101,1
0,0,1,0,0,0,0,0,1,43,2
14,0,0,0,1,0,0,1,0,178,1
2,0,0,1,0,0,0,0,1,16,2
7,0,1,0,0,0,0,1,0,145,2
17,0,1,0,0,0,0,1,0,62,3
13,0,0,1,0,0,1,0,0,107,3
12,1,0,0,0,0,1,0,0,54,3
1,1,0,0,0,0,0,1,0,186,3
22,0,1,0,0,0,1,0,0,117,3
0,1,0,0,0,0,0,0,1,34,1
20,0,0,1,0,0,0,0,1,169,2
1,0,0,1,0,0,0,0,1,46,1
22,0,0,1,0,1,0,0,0,48,3
23,0,0,0,1,0,0,0,1,173,2
16,1,0,0,0,1,0,0,0,174,1
8,1,0,0,0,0,0,1,0,41,1
22,1,0,0,0,0,0,1,0,109,2
23,0,1,0,0,0,1,0,0,138,2
4,1,0,0,0,0,0,1,0,0,1
6,0,1,0,0,0,0,1,0,100,1
21,0,1,0,0,1,0,0,0,77,2
4,1,0,0,0,0,0,0,1,163,1
16,1,0,0,0,0,0,0,1,25,1
17,1,0,0,0,0,0,1,0,65,2
16,0,0,1,0,0,1,0,0,117,1
11,1,0,0,0,0,0,1,0,174,3
2,0,0,0,1,0,0,1,0,19,3
5,0,0,1,0,0,0,0,1,15,3
4,1,0,0,0,0,0,0,1,151,2
19,0,0,1,0,0,1,0,0,195,3
11,0,0,1,0,0,1,0,0,5,2
1,1,0,0,0,1,0,0,0,70,3
14,0,0,1,0,1,0,0,0,165,3
16,0,1,0,0,0,0,1,0,91,2
10,0,0,1,0,1,0,0,0,131,1
13,0,0,1,0,1,0,0,0,152,3
0,1,0,0,0,0,0,1,0,32,2
3,0,1,0,0,0,1,0,0,143,2
10,0,1,0,0,0,1,0,0,102,2
17,0,1,0,0,0,1,0,0,108,2
20,1,0,0,0,1,0,0,0,79,2
22,1,0,0,0,0,1,0,0,157,2
20,0,1,0,0,1,0,0,0,33,3
11,0,0,1,0,0,1,0,0,77,1
20,0,0,1,0,0,0,0,1,94,3
12,0,0,0,1,0,1,0,0,24,1
20,0,0,0,1,0,1,0,0,126,1
8,0,0,0,1,0,0,1,0,92,2
2,0,0,1,0,1,0,0,0,120,1
0,0,1,0,0,0,0,1,0,62,1
2,1,0,0,0,0,1,0,0,21,1
13,1,0,0,0,0,0,0,1,117,3
17,0,1,0,0,0,0,0,1,61,3
3,1,0,0,0,0,0,1,0,151,1
21,0,0,0,1,0,0,0,1,111,1
10,1,0,0,0,0,0,0,1,62,3
17,0,0,1,0,1,0,0,0,37,1
6,0,1,0,0,1,0,0,0,62,3
13,0,0,0,1,0,0,0,1,54,2
15,1,0,0,0,0,1,0,0,106,2
20,0,0,1,0,0,0,0,1,181,3
12,0,0,0,1,1,0,0,0,14,2
22,0,0,0,1,0,1,0,0,197,1
18,0,0,1,0,0,0,0,1,17,1
17,0,0,1,0,0,0,0,1,124,2
9,0,0,1,0,0,1,0,0,135,3
4,0,0,0,1,0,1,0,0,137,1
12,1,0,0,0,1,0,0,0,80,1
8,0,0,1,0,0,0,0,1,127,2
20,1,0,0,0,0,0,0,1,19,3
20,0,0,1,0,0,1,0,0,77,2
7,1,0,0,0,0,0,0,1,116,2
22,1,0,0,0,0,0,0,1,192,2
20,0,0,1,0,1,0,0,0,128,3
11,1,0,0,0,0,0,1,0,166,1
3,0,1,0,0,0,0,1,0,25,2
21,0,1,0,0,0,0,1,0,1,2
21,0,0,0,1,0,0,0,1,126,3
16,0,0,0,1,0,0,0,1,15,1
15,0,1,0,0,0,1,0,0,110,1
22,0,0,0,1,0,1,0,0,40,1
16,0,0,0,1,1,0,0,0,73,3
6,0,0,1,0,0,1,0,0,126,1
22,0,0,0,1,0,0,1,0,50,2
2,1,0,0,0,0,0,1,0,51,1
10,0,1,0,0,0,0,1,0,176,3
21,1,0,0,0,1,0,0,0,75,2
6,0,1,0,0,0,0,1,0,179,3
1,0,1,0,0,1,0,0,0,27,3
4,1,0,0,0,0,0,1,0,23,1
20,1,0,0,0,0,0,0,1,189,3
19,0,0,1,0,0,1,0,0,87,3
6,0,1,0,0,0,1,0,0,134,2
3,0,1,0,0,0,0,0,1,163,1
6,0,1,0,0,0,0,1,0,103,3
14,1,0,0,0,1,0,0,0,44,2
11,0,0,1,0,0,0,0,1,194,2
17,0,0,0,1,1,0,0,0,175,2
10,0,0,1,0,0,0,1,0,82,1
12,1,0,0,0,0,0,1,0,188,2
21,0,0,1,0,0,1,0,0,82,3
8,0,0,1,0,1,0,0,0,24,3
20,1,0,0,0,0,0,0,1,5,1
19,0,1,0,0,0,1,0,0,197,3
23,1,0,0,0,0,0,1,0,93,3
14,0,0,1,0,0,0,0,1,87,2
1,0,0,1,0,0,0,1,0,68,1
0,0,0,0,1,0,1,0,0,120,3
11,1,0,0,0,0,0,0,1,134,1
5,1,0,0,0,1,0,0,0,129,3
9,1,0,0,0,0,0,1,0,130,3
2,0,0,0,1,0,0,0,1,96,2
12,0,1,0,0,0,0,0,1,189,1
1,1,0,0,0,1,0,0,0,122,2
12,1,0,0,0,1,0,0,0,71,2
20,0,0,1,0,0,1,0,0,188,2
18,0,0,0,1,0,0,0,1,49,1
1,0,0,1,0,0,0,1,0,182,2
2,0,0,1,0,0,0,0,1,87,3
